지점,지점명,일시,최저기온(°C),최고기온(°C)
108,서울,2002-01-01,-7.5,1.3
108,서울,2002-01-02,-11.4,-7.3
108,서울,2002-01-03,-12,-2
108,서울,2002-01-04,-3.4,5.7
108,서울,2002-01-05,-3,1.9
108,서울,2002-01-06,-5.4,5.2
108,서울,2002-01-07,-6.9,3.7
108,서울,2002-01-08,-8,-3.9
108,서울,2002-01-09,-8.3,1
108,서울,2002-01-10,-1.1,5.7
108,서울,2002-01-11,.8,8.1
108,서울,2002-01-12,.5,9.6
108,서울,2002-01-13,4,11.1
108,서울,2002-01-14,6.2,13.4
108,서울,2002-01-15,11,13.5
108,서울,2002-01-16,3.3,12.3
108,서울,2002-01-17,2,4.7
108,서울,2002-01-18,-.7,6.2
108,서울,2002-01-19,1.9,10
108,서울,2002-01-20,.6,5.2
108,서울,2002-01-21,-3,1.9
108,서울,2002-01-22,-6,-2.2
108,서울,2002-01-23,-6.7,-.6
108,서울,2002-01-24,-6,1
108,서울,2002-01-25,-7.2,3.3
108,서울,2002-01-26,-1.6,3.8
108,서울,2002-01-27,-3.1,2.2
108,서울,2002-01-28,-4.9,.1
108,서울,2002-01-29,-6.2,2.9
108,서울,2002-01-30,-3.1,2.3
108,서울,2002-01-31,-4.8,2
108,서울,2002-02-01,-3.9,5.6
108,서울,2002-02-02,2.2,8.1
108,서울,2002-02-03,-1.1,10.3
108,서울,2002-02-04,0,9
108,서울,2002-02-05,.9,9
108,서울,2002-02-06,3.2,9.4
108,서울,2002-02-07,.6,9.1
108,서울,2002-02-08,-3.2,4.8
108,서울,2002-02-09,-5.1,1.3
108,서울,2002-02-10,-3.2,2.8
108,서울,2002-02-11,-5,2.7
108,서울,2002-02-12,-4.7,2.9
108,서울,2002-02-13,-3.3,4.3
108,서울,2002-02-14,-3,5.8
108,서울,2002-02-15,-3.3,6.9
108,서울,2002-02-16,-.3,6.3
108,서울,2002-02-17,-1.6,6.4
108,서울,2002-02-18,-4.8,2.5
108,서울,2002-02-19,-5,4.1
108,서울,2002-02-20,-2.8,8.2
108,서울,2002-02-21,1.6,6.1
108,서울,2002-02-22,3.3,9.6
108,서울,2002-02-23,2.1,10.2
108,서울,2002-02-24,.4,12.6
108,서울,2002-02-25,2.6,8.4
108,서울,2002-02-26,2.9,10.8
108,서울,2002-02-27,4.6,10.6
108,서울,2002-02-28,2.9,11.3
108,서울,2002-03-01,1.1,13.1
108,서울,2002-03-02,4.5,11.5
108,서울,2002-03-03,2.3,9.4
108,서울,2002-03-04,-.7,8.3
108,서울,2002-03-05,1.4,6.2
108,서울,2002-03-06,-.9,4.6
108,서울,2002-03-07,-2.9,5.8
108,서울,2002-03-08,-.9,8.7
108,서울,2002-03-09,2.4,14.9
108,서울,2002-03-10,6,13.3
108,서울,2002-03-11,3.2,12.6
108,서울,2002-03-12,3.5,15.5
108,서울,2002-03-13,5.7,19.4
108,서울,2002-03-14,7.6,14.5
108,서울,2002-03-15,6.2,12
108,서울,2002-03-16,3.1,13.6
108,서울,2002-03-17,6.1,14
108,서울,2002-03-18,3.9,11.8
108,서울,2002-03-19,4.3,14.2
108,서울,2002-03-20,3.5,18.2
108,서울,2002-03-21,4.6,13.9
108,서울,2002-03-22,3.5,9.7
108,서울,2002-03-23,1.7,8.7
108,서울,2002-03-24,.6,9.1
108,서울,2002-03-25,1.8,12.1
108,서울,2002-03-26,5.1,12.5
108,서울,2002-03-27,6.1,15.8
108,서울,2002-03-28,6.1,17.2
108,서울,2002-03-29,9.3,17.4
108,서울,2002-03-30,6.5,11.4
108,서울,2002-03-31,7.3,14.5
108,서울,2002-04-01,6.6,19.3
108,서울,2002-04-02,8.5,22.6
108,서울,2002-04-03,10.4,20.8
108,서울,2002-04-04,8.3,21.8
108,서울,2002-04-05,10.6,25.2
108,서울,2002-04-06,9.5,13.6
108,서울,2002-04-07,7.9,10.9
108,서울,2002-04-08,5.1,12.4
108,서울,2002-04-09,4.3,11.5
108,서울,2002-04-10,4.3,12.9
108,서울,2002-04-11,4.9,13.6
108,서울,2002-04-12,7.6,15.4
108,서울,2002-04-13,5.3,16
108,서울,2002-04-14,14.4,23.5
108,서울,2002-04-15,17.3,23.9
108,서울,2002-04-16,9.9,18.1
108,서울,2002-04-17,7.2,12.3
108,서울,2002-04-18,6.2,16.3
108,서울,2002-04-19,6,18.4
108,서울,2002-04-20,6.3,21.7
108,서울,2002-04-21,9.6,23.8
108,서울,2002-04-22,12.9,27.7
108,서울,2002-04-23,13,22.2
108,서울,2002-04-24,7,13.4
108,서울,2002-04-25,4.9,16.6
108,서울,2002-04-26,6.7,20.6
108,서울,2002-04-27,11.6,22.2
108,서울,2002-04-28,11.2,25.3
108,서울,2002-04-29,12.2,19.1
108,서울,2002-04-30,13.7,15.9
108,서울,2002-05-01,11.6,25.7
108,서울,2002-05-02,11.6,25.3
108,서울,2002-05-03,12.4,19.6
108,서울,2002-05-04,13.6,25.9
108,서울,2002-05-05,14.1,25.2
108,서울,2002-05-06,11.1,19.7
108,서울,2002-05-07,10.6,12
108,서울,2002-05-08,10,23.1
108,서울,2002-05-09,13.2,23.4
108,서울,2002-05-10,14.3,23.1
108,서울,2002-05-11,14.2,23.5
108,서울,2002-05-12,12.2,22.3
108,서울,2002-05-13,12.5,24.9
108,서울,2002-05-14,15.4,25.6
108,서울,2002-05-15,13.9,22
108,서울,2002-05-16,12.6,17.3
108,서울,2002-05-17,11.2,15.3
108,서울,2002-05-18,11.6,23.6
108,서울,2002-05-19,13.1,22.1
108,서울,2002-05-20,13.5,25.9
108,서울,2002-05-21,13.6,25.7
108,서울,2002-05-22,15.8,26
108,서울,2002-05-23,15.6,27.7
108,서울,2002-05-24,15.3,25.3
108,서울,2002-05-25,14,26.6
108,서울,2002-05-26,14,24.3
108,서울,2002-05-27,12.5,25.3
108,서울,2002-05-28,14.1,25.3
108,서울,2002-05-29,13.8,27
108,서울,2002-05-30,15.4,24.5
108,서울,2002-05-31,16.4,25.7
108,서울,2002-06-01,17.1,24.8
108,서울,2002-06-02,15.3,30
108,서울,2002-06-03,17.6,29.1
108,서울,2002-06-04,18.2,27.6
108,서울,2002-06-05,19.1,31.4
108,서울,2002-06-06,21.2,31.2
108,서울,2002-06-07,19.6,30.6
108,서울,2002-06-08,19.4,27.1
108,서울,2002-06-09,18.3,28
108,서울,2002-06-10,20,26.6
108,서울,2002-06-11,19,26.8
108,서울,2002-06-12,16.6,22.9
108,서울,2002-06-13,16,24.4
108,서울,2002-06-14,16.4,25
108,서울,2002-06-15,17.4,24.8
108,서울,2002-06-16,15.7,28.6
108,서울,2002-06-17,17.9,28.4
108,서울,2002-06-18,19,28.9
108,서울,2002-06-19,20.2,26.2
108,서울,2002-06-20,19.2,26.1
108,서울,2002-06-21,18.8,28.4
108,서울,2002-06-22,18.9,29.2
108,서울,2002-06-23,16.9,21.3
108,서울,2002-06-24,15.3,17.7
108,서울,2002-06-25,15.5,25
108,서울,2002-06-26,14.5,27.7
108,서울,2002-06-27,16.5,27.5
108,서울,2002-06-28,17.4,30
108,서울,2002-06-29,18.9,32
108,서울,2002-06-30,22.4,31.5
108,서울,2002-07-01,22.9,27.9
108,서울,2002-07-02,21.5,28.8
108,서울,2002-07-03,21.8,30.6
108,서울,2002-07-04,22.3,32.3
108,서울,2002-07-05,20.5,27.1
108,서울,2002-07-06,20,23.1
108,서울,2002-07-07,20.2,25.3
108,서울,2002-07-08,20.8,29.1
108,서울,2002-07-09,20.3,29.7
108,서울,2002-07-10,21.6,31.6
108,서울,2002-07-11,20.7,29.7
108,서울,2002-07-12,22.5,29.1
108,서울,2002-07-13,22.3,29.3
108,서울,2002-07-14,22.4,24.2
108,서울,2002-07-15,23.5,29.4
108,서울,2002-07-16,21.8,28.5
108,서울,2002-07-17,22,28.4
108,서울,2002-07-18,20.6,29.2
108,서울,2002-07-19,19.2,24.7
108,서울,2002-07-20,18.9,27.9
108,서울,2002-07-21,23.1,29.1
108,서울,2002-07-22,21.7,27
108,서울,2002-07-23,21.5,23.2
108,서울,2002-07-24,22.6,27.6
108,서울,2002-07-25,22.4,33.8
108,서울,2002-07-26,24.5,31.5
108,서울,2002-07-27,25.8,33.6
108,서울,2002-07-28,25.6,34.8
108,서울,2002-07-29,25.6,30
108,서울,2002-07-30,24,29.8
108,서울,2002-07-31,24.5,28
108,서울,2002-08-01,24.3,28.5
108,서울,2002-08-02,23.8,29.8
108,서울,2002-08-03,22.2,30
108,서울,2002-08-04,22.5,28.1
108,서울,2002-08-05,23.2,28.3
108,서울,2002-08-06,19.9,26.1
108,서울,2002-08-07,19.9,22
108,서울,2002-08-08,21.2,30.1
108,서울,2002-08-09,22.1,29.4
108,서울,2002-08-10,19.4,24.1
108,서울,2002-08-11,18.4,23.9
108,서울,2002-08-12,17.9,24
108,서울,2002-08-13,19.7,26
108,서울,2002-08-14,20.8,26.7
108,서울,2002-08-15,19.3,28.9
108,서울,2002-08-16,22.2,26.7
108,서울,2002-08-17,21.8,24.1
108,서울,2002-08-18,20.9,28.9
108,서울,2002-08-19,19.5,26.2
108,서울,2002-08-20,19.8,29.1
108,서울,2002-08-21,21.8,28.6
108,서울,2002-08-22,21.5,23.8
108,서울,2002-08-23,22.4,27
108,서울,2002-08-24,22.4,29.6
108,서울,2002-08-25,20.4,30.5
108,서울,2002-08-26,23,30.2
108,서울,2002-08-27,23,26.5
108,서울,2002-08-28,21.3,31
108,서울,2002-08-29,24.2,32.2
108,서울,2002-08-30,24.4,27.3
108,서울,2002-08-31,19.2,26.1
108,서울,2002-09-01,19.5,27.1
108,서울,2002-09-02,22.8,29.1
108,서울,2002-09-03,23.7,30.6
108,서울,2002-09-04,23.7,30.2
108,서울,2002-09-05,20.1,25.5
108,서울,2002-09-06,19.1,26
108,서울,2002-09-07,17.5,28.7
108,서울,2002-09-08,18.4,28.9
108,서울,2002-09-09,20.9,27.9
108,서울,2002-09-10,20.3,29.4
108,서울,2002-09-11,19.9,29.3
108,서울,2002-09-12,16.8,22.9
108,서울,2002-09-13,16.5,23
108,서울,2002-09-14,18.5,24.6
108,서울,2002-09-15,17.1,19.8
108,서울,2002-09-16,15.9,22.4
108,서울,2002-09-17,14.9,26.3
108,서울,2002-09-18,16,27.2
108,서울,2002-09-19,16.7,26.6
108,서울,2002-09-20,16.4,25.3
108,서울,2002-09-21,17.1,24.6
108,서울,2002-09-22,16,24.7
108,서울,2002-09-23,13.5,25.6
108,서울,2002-09-24,14.7,26.4
108,서울,2002-09-25,15.2,26.8
108,서울,2002-09-26,17.4,26.3
108,서울,2002-09-27,17.5,24.8
108,서울,2002-09-28,16.5,26
108,서울,2002-09-29,16.1,22.8
108,서울,2002-09-30,16.2,23.3
108,서울,2002-10-01,15.1,24.4
108,서울,2002-10-02,14.5,19.9
108,서울,2002-10-03,12.3,22.3
108,서울,2002-10-04,8.4,22.1
108,서울,2002-10-05,12.5,21.8
108,서울,2002-10-06,14.6,20.2
108,서울,2002-10-07,11.5,18.3
108,서울,2002-10-08,8.4,16.8
108,서울,2002-10-09,8.1,19.5
108,서울,2002-10-10,9.6,21.2
108,서울,2002-10-11,11.8,22.2
108,서울,2002-10-12,13.1,22.7
108,서울,2002-10-13,14.4,24
108,서울,2002-10-14,10.8,21.5
108,서울,2002-10-15,12.4,18.1
108,서울,2002-10-16,9.9,20.3
108,서울,2002-10-17,11.7,24.9
108,서울,2002-10-18,14.3,21
108,서울,2002-10-19,13.6,19.8
108,서울,2002-10-20,11.9,15.5
108,서울,2002-10-21,5.1,14.7
108,서울,2002-10-22,2.2,9
108,서울,2002-10-23,2.2,12.3
108,서울,2002-10-24,5.7,16.6
108,서울,2002-10-25,6.5,13
108,서울,2002-10-26,4.3,10.5
108,서울,2002-10-27,1.7,7.8
108,서울,2002-10-28,-.3,8.1
108,서울,2002-10-29,.3,10.2
108,서울,2002-10-30,1,12.3
108,서울,2002-10-31,6.7,16.5
108,서울,2002-11-01,1.2,9
108,서울,2002-11-02,-.2,8.5
108,서울,2002-11-03,1.1,6.8
108,서울,2002-11-04,-.8,4.7
108,서울,2002-11-05,-1.6,8.9
108,서울,2002-11-06,5,15.7
108,서울,2002-11-07,6.3,16.7
108,서울,2002-11-08,0,6.3
108,서울,2002-11-09,-2.4,6.3
108,서울,2002-11-10,3.5,12.8
108,서울,2002-11-11,7,16.3
108,서울,2002-11-12,3,8.4
108,서울,2002-11-13,0,4.7
108,서울,2002-11-14,-1.3,9.6
108,서울,2002-11-15,-2.5,3.4
108,서울,2002-11-16,-2.6,7.6
108,서울,2002-11-17,.2,4.4
108,서울,2002-11-18,-3.6,1.3
108,서울,2002-11-19,-4.8,5.8
108,서울,2002-11-20,2.9,5.7
108,서울,2002-11-21,-.1,4.6
108,서울,2002-11-22,-1.6,10.9
108,서울,2002-11-23,1.2,13.6
108,서울,2002-11-24,1.7,8.8
108,서울,2002-11-25,-.3,6.5
108,서울,2002-11-26,-2.1,2.7
108,서울,2002-11-27,-4.1,3.3
108,서울,2002-11-28,-1.9,6.1
108,서울,2002-11-29,5.1,10.1
108,서울,2002-11-30,.8,9
108,서울,2002-12-01,-.7,9.9
108,서울,2002-12-02,3.3,12.1
108,서울,2002-12-03,2.8,11
108,서울,2002-12-04,8,15.9
108,서울,2002-12-05,4.2,10.5
108,서울,2002-12-06,3.9,10
108,서울,2002-12-07,3.3,8.2
108,서울,2002-12-08,-2.8,4.3
108,서울,2002-12-09,-7.5,-2.7
108,서울,2002-12-10,-9.1,-4
108,서울,2002-12-11,-8.1,-2.9
108,서울,2002-12-12,-5.8,-1.3
108,서울,2002-12-13,-7.2,1.3
108,서울,2002-12-14,-5.4,4.2
108,서울,2002-12-15,2.1,8.3
108,서울,2002-12-16,1.6,8.7
108,서울,2002-12-17,1.1,6
108,서울,2002-12-18,1.1,7.1
108,서울,2002-12-19,-.4,7.7
108,서울,2002-12-20,-1.2,10.5
108,서울,2002-12-21,2.8,11.7
108,서울,2002-12-22,3.4,9.6
108,서울,2002-12-23,4.7,7.1
108,서울,2002-12-24,1.1,5.1
108,서울,2002-12-25,-5.8,1.2
108,서울,2002-12-26,-8.8,-2.7
108,서울,2002-12-27,-8,-.1
108,서울,2002-12-28,-5.5,3.2
108,서울,2002-12-29,-5.8,1.7
108,서울,2002-12-30,-6.3,1.6
108,서울,2002-12-31,-3.7,1.9
108,서울,2003-01-01,-7.1,-1
108,서울,2003-01-02,-9.2,0
108,서울,2003-01-03,-6.8,-.3
108,서울,2003-01-04,-13.4,-6.8
108,서울,2003-01-05,-15.5,-9.1
108,서울,2003-01-06,-14.3,-4.3
108,서울,2003-01-07,-10.5,-.5
108,서울,2003-01-08,-8.6,1.2
108,서울,2003-01-09,-2.4,4.3
108,서울,2003-01-10,-1.7,4.4
108,서울,2003-01-11,-3.3,4.9
108,서울,2003-01-12,0,8
108,서울,2003-01-13,2.7,8.7
108,서울,2003-01-14,-5.9,2.7
108,서울,2003-01-15,-7.7,.6
108,서울,2003-01-16,-4.8,3.2
108,서울,2003-01-17,1.9,4.2
108,서울,2003-01-18,.7,3.8
108,서울,2003-01-19,-.8,2.6
108,서울,2003-01-20,-3.2,3
108,서울,2003-01-21,-5.6,1.8
108,서울,2003-01-22,-2.9,-.8
108,서울,2003-01-23,-4.3,3.1
108,서울,2003-01-24,-4.7,2.5
108,서울,2003-01-25,-5,4.7
108,서울,2003-01-26,1.8,4.2
108,서울,2003-01-27,-6.1,2.8
108,서울,2003-01-28,-11.9,-4.1
108,서울,2003-01-29,-13.9,-8.5
108,서울,2003-01-30,-13.2,-1.9
108,서울,2003-01-31,-5.1,.8
108,서울,2003-02-01,-6.7,4.5
108,서울,2003-02-02,-4.6,4.1
108,서울,2003-02-03,-4.4,4.2
108,서울,2003-02-04,-1.2,3.9
108,서울,2003-02-05,-2.8,3.9
108,서울,2003-02-06,-4.5,4.9
108,서울,2003-02-07,1.6,6.7
108,서울,2003-02-08,3.1,6
108,서울,2003-02-09,.5,8.8
108,서울,2003-02-10,2.1,10.3
108,서울,2003-02-11,-6,4.1
108,서울,2003-02-12,-8.3,-.4
108,서울,2003-02-13,-2.4,5.6
108,서울,2003-02-14,-1,7.5
108,서울,2003-02-15,-.2,9.7
108,서울,2003-02-16,.3,9.5
108,서울,2003-02-17,-.4,9.6
108,서울,2003-02-18,1.5,7.1
108,서울,2003-02-19,.8,4
108,서울,2003-02-20,-.7,8.5
108,서울,2003-02-21,1.5,6.4
108,서울,2003-02-22,1.3,4.9
108,서울,2003-02-23,1.9,3.7
108,서울,2003-02-24,1.6,7.6
108,서울,2003-02-25,1.5,9.1
108,서울,2003-02-26,3.5,8.5
108,서울,2003-02-27,1.2,11.4
108,서울,2003-02-28,1.6,11.9
108,서울,2003-03-01,4,10.2
108,서울,2003-03-02,1.4,7.2
108,서울,2003-03-03,-2.7,4.4
108,서울,2003-03-04,-5,2.9
108,서울,2003-03-05,-1.3,6.9
108,서울,2003-03-06,1.7,4.1
108,서울,2003-03-07,1.1,3.8
108,서울,2003-03-08,.8,4.8
108,서울,2003-03-09,0,7
108,서울,2003-03-10,.3,9
108,서울,2003-03-11,.5,11
108,서울,2003-03-12,3.5,11.7
108,서울,2003-03-13,1.7,10.7
108,서울,2003-03-14,1.2,10.1
108,서울,2003-03-15,4.3,13.4
108,서울,2003-03-16,4.6,8.5
108,서울,2003-03-17,3.1,10.1
108,서울,2003-03-18,2.1,11.9
108,서울,2003-03-19,2,12.4
108,서울,2003-03-20,1.4,14.2
108,서울,2003-03-21,6.3,14
108,서울,2003-03-22,5.4,14.9
108,서울,2003-03-23,5.9,12.4
108,서울,2003-03-24,5.6,11.6
108,서울,2003-03-25,5.4,10.6
108,서울,2003-03-26,4.9,16.3
108,서울,2003-03-27,5.6,11.2
108,서울,2003-03-28,3.2,11.3
108,서울,2003-03-29,2,13
108,서울,2003-03-30,8.4,17.1
108,서울,2003-03-31,11.4,20.9
108,서울,2003-04-01,11.3,22.4
108,서울,2003-04-02,10.2,21
108,서울,2003-04-03,8.6,19.8
108,서울,2003-04-04,10.3,19.3
108,서울,2003-04-05,7.6,17.7
108,서울,2003-04-06,7,18.3
108,서울,2003-04-07,7.4,17.1
108,서울,2003-04-08,7.6,14.4
108,서울,2003-04-09,5.8,11.6
108,서울,2003-04-10,4.8,18.1
108,서울,2003-04-11,8.2,12.7
108,서울,2003-04-12,8.3,13.4
108,서울,2003-04-13,6.8,17.8
108,서울,2003-04-14,8.6,19.3
108,서울,2003-04-15,7.9,19.9
108,서울,2003-04-16,10.6,23.5
108,서울,2003-04-17,12.9,23.4
108,서울,2003-04-18,10.1,21.4
108,서울,2003-04-19,8.3,12.1
108,서울,2003-04-20,8.8,10.6
108,서울,2003-04-21,6.6,19.5
108,서울,2003-04-22,10.7,15.3
108,서울,2003-04-23,9,14.8
108,서울,2003-04-24,9.1,19.6
108,서울,2003-04-25,10.2,14.8
108,서울,2003-04-26,8.6,19.8
108,서울,2003-04-27,11.7,19.6
108,서울,2003-04-28,11.1,24.6
108,서울,2003-04-29,11.4,15.6
108,서울,2003-04-30,9.8,18.8
108,서울,2003-05-01,8.5,21.9
108,서울,2003-05-02,12,23
108,서울,2003-05-03,11,24.3
108,서울,2003-05-04,14.3,27.7
108,서울,2003-05-05,15.3,28.9
108,서울,2003-05-06,16.2,22.3
108,서울,2003-05-07,9.3,18.4
108,서울,2003-05-08,9.4,19.4
108,서울,2003-05-09,9.3,19.5
108,서울,2003-05-10,10.5,22.5
108,서울,2003-05-11,11.5,23.2
108,서울,2003-05-12,12.4,24.4
108,서울,2003-05-13,14.1,28.1
108,서울,2003-05-14,15.8,29.1
108,서울,2003-05-15,15.9,26.6
108,서울,2003-05-16,15.4,26.2
108,서울,2003-05-17,15.6,25.1
108,서울,2003-05-18,14,23.5
108,서울,2003-05-19,13.3,24.5
108,서울,2003-05-20,15.3,22.9
108,서울,2003-05-21,13.2,26
108,서울,2003-05-22,15.2,27.6
108,서울,2003-05-23,14.8,26.4
108,서울,2003-05-24,16.5,25.6
108,서울,2003-05-25,15.3,19.8
108,서울,2003-05-26,16,27.7
108,서울,2003-05-27,17.4,29.5
108,서울,2003-05-28,19.2,30.4
108,서울,2003-05-29,21.8,24.4
108,서울,2003-05-30,19.1,25.2
108,서울,2003-05-31,18.3,30.3
108,서울,2003-06-01,18.5,28.5
108,서울,2003-06-02,16.4,28.4
108,서울,2003-06-03,16.7,27.5
108,서울,2003-06-04,17,28.2
108,서울,2003-06-05,16.1,29.7
108,서울,2003-06-06,15.9,23.1
108,서울,2003-06-07,14.4,27.2
108,서울,2003-06-08,17.8,30.9
108,서울,2003-06-09,21.4,31.1
108,서울,2003-06-10,21.1,25.1
108,서울,2003-06-11,19.3,23.8
108,서울,2003-06-12,18.3,21.2
108,서울,2003-06-13,17.9,22.4
108,서울,2003-06-14,18.6,22.7
108,서울,2003-06-15,17.4,19.3
108,서울,2003-06-16,16.7,25.5
108,서울,2003-06-17,18.1,27.1
108,서울,2003-06-18,17.9,27.3
108,서울,2003-06-19,19.4,26.8
108,서울,2003-06-20,18.9,25.5
108,서울,2003-06-21,19.4,27.9
108,서울,2003-06-22,19.9,30.4
108,서울,2003-06-23,18.9,23.9
108,서울,2003-06-24,15.8,18.9
108,서울,2003-06-25,15.8,23.6
108,서울,2003-06-26,18.1,27.5
108,서울,2003-06-27,18.2,22.5
108,서울,2003-06-28,18.1,28.1
108,서울,2003-06-29,18.5,20.7
108,서울,2003-06-30,19,28.3
108,서울,2003-07-01,20.2,27.8
108,서울,2003-07-02,19.6,30.7
108,서울,2003-07-03,18.7,24.3
108,서울,2003-07-04,18.8,24.9
108,서울,2003-07-05,19.8,30.5
108,서울,2003-07-06,21.6,27.3
108,서울,2003-07-07,21.5,28.9
108,서울,2003-07-08,22.4,28.7
108,서울,2003-07-09,20.8,25.2
108,서울,2003-07-10,21.2,26.4
108,서울,2003-07-11,19.1,30.8
108,서울,2003-07-12,21.4,25.4
108,서울,2003-07-13,20.4,29.9
108,서울,2003-07-14,19.9,27.8
108,서울,2003-07-15,20.8,29.6
108,서울,2003-07-16,21.4,29
108,서울,2003-07-17,21.8,27.8
108,서울,2003-07-18,18.3,22.4
108,서울,2003-07-19,19,21.6
108,서울,2003-07-20,18.7,28.9
108,서울,2003-07-21,23.2,29.3
108,서울,2003-07-22,21.9,25
108,서울,2003-07-23,20.4,25.8
108,서울,2003-07-24,20.5,29.2
108,서울,2003-07-25,22,30.4
108,서울,2003-07-26,22.8,29.1
108,서울,2003-07-27,19.3,24.7
108,서울,2003-07-28,21.2,24.6
108,서울,2003-07-29,21.2,29.3
108,서울,2003-07-30,20.4,31.4
108,서울,2003-07-31,23.5,30.5
108,서울,2003-08-01,23.6,28.9
108,서울,2003-08-02,21.8,29
108,서울,2003-08-03,24.4,26.7
108,서울,2003-08-04,23.9,29.5
108,서울,2003-08-05,22.9,32.2
108,서울,2003-08-06,20.6,27.5
108,서울,2003-08-07,20.7,25.2
108,서울,2003-08-08,19.7,30.2
108,서울,2003-08-09,22.3,31.6
108,서울,2003-08-10,22.2,27.2
108,서울,2003-08-11,20.9,28.3
108,서울,2003-08-12,20.4,30
108,서울,2003-08-13,20.6,30
108,서울,2003-08-14,19.8,29.7
108,서울,2003-08-15,19.9,30.2
108,서울,2003-08-16,21.4,26.5
108,서울,2003-08-17,21.1,25.1
108,서울,2003-08-18,19.9,23
108,서울,2003-08-19,21.1,22.8
108,서울,2003-08-20,21.9,27.7
108,서울,2003-08-21,23.9,29.6
108,서울,2003-08-22,25.2,30
108,서울,2003-08-23,24,25.6
108,서울,2003-08-24,20.9,24.8
108,서울,2003-08-25,21.2,30.2
108,서울,2003-08-26,21.9,26.9
108,서울,2003-08-27,20.2,23.3
108,서울,2003-08-28,19.9,29.1
108,서울,2003-08-29,20.8,25.1
108,서울,2003-08-30,16.6,24
108,서울,2003-08-31,16.6,26
108,서울,2003-09-01,19.2,25.4
108,서울,2003-09-02,15.6,21.9
108,서울,2003-09-03,18.7,24
108,서울,2003-09-04,17.7,26.1
108,서울,2003-09-05,21.2,24.7
108,서울,2003-09-06,18.5,25.7
108,서울,2003-09-07,20.3,22.6
108,서울,2003-09-08,19.8,28.7
108,서울,2003-09-09,17.3,22.6
108,서울,2003-09-10,17.4,25
108,서울,2003-09-11,18.8,24.6
108,서울,2003-09-12,20.1,22.4
108,서울,2003-09-13,19.7,25
108,서울,2003-09-14,18.8,25.8
108,서울,2003-09-15,20.3,27.7
108,서울,2003-09-16,18.4,27.2
108,서울,2003-09-17,19.6,27.2
108,서울,2003-09-18,18.4,22.7
108,서울,2003-09-19,18.3,24.9
108,서울,2003-09-20,17.9,25.3
108,서울,2003-09-21,14.3,24.3
108,서울,2003-09-22,13.8,24.7
108,서울,2003-09-23,13.9,24.1
108,서울,2003-09-24,14.3,23
108,서울,2003-09-25,15.3,25.6
108,서울,2003-09-26,16.2,25.9
108,서울,2003-09-27,15.1,25.9
108,서울,2003-09-28,17.9,25.1
108,서울,2003-09-29,14.5,25.5
108,서울,2003-09-30,14,23.8
108,서울,2003-10-01,13.8,19.4
108,서울,2003-10-02,12.5,19.5
108,서울,2003-10-03,10.5,20
108,서울,2003-10-04,11,20.6
108,서울,2003-10-05,10.6,19.3
108,서울,2003-10-06,11.3,21.2
108,서울,2003-10-07,11.6,22.5
108,서울,2003-10-08,13.1,24.3
108,서울,2003-10-09,14.5,24.7
108,서울,2003-10-10,14.8,26
108,서울,2003-10-11,14.8,25.3
108,서울,2003-10-12,17,22.7
108,서울,2003-10-13,13.6,17.7
108,서울,2003-10-14,10,16.7
108,서울,2003-10-15,7.3,16.2
108,서울,2003-10-16,9.1,18.5
108,서울,2003-10-17,9,19.1
108,서울,2003-10-18,10.3,19.3
108,서울,2003-10-19,6.4,18.2
108,서울,2003-10-20,8.3,17.5
108,서울,2003-10-21,9,15.1
108,서울,2003-10-22,8,15.8
108,서울,2003-10-23,4.3,12.6
108,서울,2003-10-24,4,16
108,서울,2003-10-25,8.8,16.2
108,서울,2003-10-26,4.8,16.8
108,서울,2003-10-27,7.8,20.8
108,서울,2003-10-28,5.4,15.8
108,서울,2003-10-29,2.7,12.8
108,서울,2003-10-30,4.8,17
108,서울,2003-10-31,9.1,20.5
108,서울,2003-11-01,9.3,20.7
108,서울,2003-11-02,12.6,21.3
108,서울,2003-11-03,6.4,17
108,서울,2003-11-04,3.4,17.2
108,서울,2003-11-05,8.1,19.8
108,서울,2003-11-06,9.6,19.7
108,서울,2003-11-07,11.3,14.1
108,서울,2003-11-08,8.5,11.3
108,서울,2003-11-09,8.6,14.1
108,서울,2003-11-10,10.5,13.5
108,서울,2003-11-11,7.9,11.6
108,서울,2003-11-12,7.4,9.8
108,서울,2003-11-13,4.5,13
108,서울,2003-11-14,4.3,12.8
108,서울,2003-11-15,7.4,15.6
108,서울,2003-11-16,2,8.3
108,서울,2003-11-17,-.6,12.5
108,서울,2003-11-18,2.9,15.6
108,서울,2003-11-19,7.8,17.2
108,서울,2003-11-20,8.6,14.6
108,서울,2003-11-21,-1.1,9.1
108,서울,2003-11-22,-3.2,3.4
108,서울,2003-11-23,-2.7,8.1
108,서울,2003-11-24,3.7,8.3
108,서울,2003-11-25,5,11.8
108,서울,2003-11-26,7,12.1
108,서울,2003-11-27,7.3,13
108,서울,2003-11-28,8.6,15.3
108,서울,2003-11-29,7.5,11.1
108,서울,2003-11-30,4.5,11.8
108,서울,2003-12-01,4,12
108,서울,2003-12-02,3.2,8.6
108,서울,2003-12-03,-.8,6.9
108,서울,2003-12-04,-2.5,6.5
108,서울,2003-12-05,2.2,9.1
108,서울,2003-12-06,-4.4,8.8
108,서울,2003-12-07,-7.9,-1.8
108,서울,2003-12-08,-4,3.2
108,서울,2003-12-09,-4.9,-.3
108,서울,2003-12-10,-5.4,4
108,서울,2003-12-11,0,5.9
108,서울,2003-12-12,-1.3,2.2
108,서울,2003-12-13,-3.5,4.5
108,서울,2003-12-14,-2.5,5.9
108,서울,2003-12-15,-2.5,2.7
108,서울,2003-12-16,-4.1,4.5
108,서울,2003-12-17,-4.4,3.7
108,서울,2003-12-18,-5.1,-1.2
108,서울,2003-12-19,-7,-2.2
108,서울,2003-12-20,-8.1,-.8
108,서울,2003-12-21,-7.1,3
108,서울,2003-12-22,-1.2,9.1
108,서울,2003-12-23,-.2,9
108,서울,2003-12-24,.8,5.6
108,서울,2003-12-25,-3.2,3.7
108,서울,2003-12-26,-5.5,-.8
108,서울,2003-12-27,-6.5,1.1
108,서울,2003-12-28,-2.7,6.3
108,서울,2003-12-29,-.8,7.5
108,서울,2003-12-30,-1.8,3
108,서울,2003-12-31,-.3,5.8
108,서울,2004-01-01,1.2,5.9
108,서울,2004-01-02,1.6,5.5
108,서울,2004-01-03,1.6,7.1
108,서울,2004-01-04,-1.7,6.8
108,서울,2004-01-05,-2.2,8.1
108,서울,2004-01-06,1.8,6.8
108,서울,2004-01-07,-1.5,5.1
108,서울,2004-01-08,-4,5.6
108,서울,2004-01-09,-.8,5
108,서울,2004-01-10,-3.5,3.2
108,서울,2004-01-11,-5.6,4.5
108,서울,2004-01-12,-4.5,1.8
108,서울,2004-01-13,-8.8,-3.9
108,서울,2004-01-14,-9.6,-1.3
108,서울,2004-01-15,-5,3.2
108,서울,2004-01-16,-3.5,5.5
108,서울,2004-01-17,.6,3.2
108,서울,2004-01-18,-1.6,1.5
108,서울,2004-01-19,-3.2,1.7
108,서울,2004-01-20,-9.5,0
108,서울,2004-01-21,-16,-9.5
108,서울,2004-01-22,-16.7,-9.1
108,서울,2004-01-23,-13.1,-4.9
108,서울,2004-01-24,-10.1,-3.7
108,서울,2004-01-25,-9.3,-3.7
108,서울,2004-01-26,-10.1,-2.2
108,서울,2004-01-27,-8.1,.3
108,서울,2004-01-28,-5.3,4.9
108,서울,2004-01-29,-.2,5.8
108,서울,2004-01-30,-1.1,6
108,서울,2004-01-31,-2.5,7.4
108,서울,2004-02-01,-.6,9.1
108,서울,2004-02-02,-5.9,2.5
108,서울,2004-02-03,-7.1,-.5
108,서울,2004-02-04,-5.8,2.5
108,서울,2004-02-05,-7.3,-.8
108,서울,2004-02-06,-7.8,-.6
108,서울,2004-02-07,-7.6,-.4
108,서울,2004-02-08,-3.7,5.5
108,서울,2004-02-09,-6.5,3
108,서울,2004-02-10,-5.5,4.5
108,서울,2004-02-11,-.1,5.9
108,서울,2004-02-12,-1.3,6.5
108,서울,2004-02-13,-1,7
108,서울,2004-02-14,.8,6.8
108,서울,2004-02-15,-.6,8.6
108,서울,2004-02-16,-.4,9.6
108,서울,2004-02-17,2.2,7.9
108,서울,2004-02-18,-.5,11.3
108,서울,2004-02-19,1.5,15.6
108,서울,2004-02-20,3.2,18.7
108,서울,2004-02-21,7.9,14.6
108,서울,2004-02-22,1.2,13.3
108,서울,2004-02-23,-1.3,6
108,서울,2004-02-24,.4,6.3
108,서울,2004-02-25,2.4,10.6
108,서울,2004-02-26,-.8,4.8
108,서울,2004-02-27,-1.8,6.1
108,서울,2004-02-28,.3,10.5
108,서울,2004-02-29,.3,6.5
108,서울,2004-03-01,-1.1,6
108,서울,2004-03-02,-4.5,1.5
108,서울,2004-03-03,-4.3,2.2
108,서울,2004-03-04,-5.5,2.5
108,서울,2004-03-05,-1.7,3.5
108,서울,2004-03-06,-5,-.8
108,서울,2004-03-07,-5.6,2.2
108,서울,2004-03-08,-2.2,6.9
108,서울,2004-03-09,1.2,13.5
108,서울,2004-03-10,7.5,14
108,서울,2004-03-11,3.2,9.1
108,서울,2004-03-12,2.9,11.6
108,서울,2004-03-13,4,12.6
108,서울,2004-03-14,4,12
108,서울,2004-03-15,2.2,15.8
108,서울,2004-03-16,8.8,18.7
108,서울,2004-03-17,-1,16.3
108,서울,2004-03-18,-1.8,7
108,서울,2004-03-19,-.5,9.6
108,서울,2004-03-20,2.2,12.3
108,서울,2004-03-21,4,15.5
108,서울,2004-03-22,7.5,16
108,서울,2004-03-23,4.5,14
108,서울,2004-03-24,6.3,13.1
108,서울,2004-03-25,5.5,14.3
108,서울,2004-03-26,4.5,16.2
108,서울,2004-03-27,6,16.2
108,서울,2004-03-28,4.4,18.2
108,서울,2004-03-29,11.1,18
108,서울,2004-03-30,5.9,13.6
108,서울,2004-03-31,3.9,12.3
108,서울,2004-04-01,4.1,16.7
108,서울,2004-04-02,4.5,7.5
108,서울,2004-04-03,2.7,9.6
108,서울,2004-04-04,2.7,13
108,서울,2004-04-05,4.5,14.6
108,서울,2004-04-06,5.5,10.8
108,서울,2004-04-07,7.4,15.1
108,서울,2004-04-08,4.8,15.8
108,서울,2004-04-09,7.4,19.7
108,서울,2004-04-10,8.5,21.3
108,서울,2004-04-11,12.1,22.2
108,서울,2004-04-12,11.5,21.7
108,서울,2004-04-13,13,22.7
108,서울,2004-04-14,12,23.3
108,서울,2004-04-15,10.3,21.7
108,서울,2004-04-16,11.6,20.2
108,서울,2004-04-17,11.3,23
108,서울,2004-04-18,11.8,27.3
108,서울,2004-04-19,12.1,16.1
108,서울,2004-04-20,10.6,21.3
108,서울,2004-04-21,10.1,25.2
108,서울,2004-04-22,13.1,19.1
108,서울,2004-04-23,9.3,16.8
108,서울,2004-04-24,7.9,17.2
108,서울,2004-04-25,8.3,17.6
108,서울,2004-04-26,7.6,14.3
108,서울,2004-04-27,5.9,11.8
108,서울,2004-04-28,5.1,18.1
108,서울,2004-04-29,7.5,21.7
108,서울,2004-04-30,13.1,22.6
108,서울,2004-05-01,13.1,25.7
108,서울,2004-05-02,15.5,20.2
108,서울,2004-05-03,11.1,17.1
108,서울,2004-05-04,9.3,20.3
108,서울,2004-05-05,8.8,21.8
108,서울,2004-05-06,13.8,21.8
108,서울,2004-05-07,9.6,24.6
108,서울,2004-05-08,13.6,21.5
108,서울,2004-05-09,13.6,17.8
108,서울,2004-05-10,13.6,16.2
108,서울,2004-05-11,12,22.6
108,서울,2004-05-12,15.3,18.7
108,서울,2004-05-13,13.6,19.2
108,서울,2004-05-14,11.6,26
108,서울,2004-05-15,13.6,18.7
108,서울,2004-05-16,13,21.5
108,서울,2004-05-17,12.8,17.7
108,서울,2004-05-18,13.3,21.7
108,서울,2004-05-19,16,24.2
108,서울,2004-05-20,15.1,22.3
108,서울,2004-05-21,13.6,21.8
108,서울,2004-05-22,12.3,23.2
108,서울,2004-05-23,12.8,22
108,서울,2004-05-24,13.5,25
108,서울,2004-05-25,13.8,26
108,서울,2004-05-26,16.1,24.3
108,서울,2004-05-27,17.7,27.6
108,서울,2004-05-28,16.7,21.1
108,서울,2004-05-29,16.7,24.7
108,서울,2004-05-30,17.8,26.7
108,서울,2004-05-31,16,25.7
108,서울,2004-06-01,14.6,28.2
108,서울,2004-06-02,15.8,30.6
108,서울,2004-06-03,18.7,32.5
108,서울,2004-06-04,20.2,32.4
108,서울,2004-06-05,21.7,31.2
108,서울,2004-06-06,22.1,25.1
108,서울,2004-06-07,20,24.7
108,서울,2004-06-08,18,22.3
108,서울,2004-06-09,16,25.2
108,서울,2004-06-10,17.3,29
108,서울,2004-06-11,20.8,30.1
108,서울,2004-06-12,19.7,30.7
108,서울,2004-06-13,18.7,28.6
108,서울,2004-06-14,18.2,29
108,서울,2004-06-15,18.8,31.5
108,서울,2004-06-16,20.1,31
108,서울,2004-06-17,18.1,24.5
108,서울,2004-06-18,17.2,23.8
108,서울,2004-06-19,19.6,22.7
108,서울,2004-06-20,19.2,23.5
108,서울,2004-06-21,19,26.7
108,서울,2004-06-22,18.1,25
108,서울,2004-06-23,19.3,27
108,서울,2004-06-24,20.8,30.2
108,서울,2004-06-25,21.3,29.6
108,서울,2004-06-26,22.5,28.5
108,서울,2004-06-27,21.8,28.7
108,서울,2004-06-28,21,25.8
108,서울,2004-06-29,20.5,24.7
108,서울,2004-06-30,21.2,29.1
108,서울,2004-07-01,22,26.7
108,서울,2004-07-02,21.3,24.2
108,서울,2004-07-03,22,26.8
108,서울,2004-07-04,19.7,22.7
108,서울,2004-07-05,19.5,26.2
108,서울,2004-07-06,20.8,26.3
108,서울,2004-07-07,20.7,22.2
108,서울,2004-07-08,19.7,23.3
108,서울,2004-07-09,19.7,27.3
108,서울,2004-07-10,19.8,28.8
108,서울,2004-07-11,21.1,27.7
108,서울,2004-07-12,20.8,23.2
108,서울,2004-07-13,19.7,22.8
108,서울,2004-07-14,20.3,27.6
108,서울,2004-07-15,22.2,23.7
108,서울,2004-07-16,22.2,24.6
108,서울,2004-07-17,21.6,23.2
108,서울,2004-07-18,22.1,28.2
108,서울,2004-07-19,25.2,28.3
108,서울,2004-07-20,24.8,26.8
108,서울,2004-07-21,24.1,31.8
108,서울,2004-07-22,24.1,32
108,서울,2004-07-23,24,33.2
108,서울,2004-07-24,23.7,30.8
108,서울,2004-07-25,22.6,28
108,서울,2004-07-26,23.8,29.2
108,서울,2004-07-27,24.7,30.2
108,서울,2004-07-28,26,32.7
108,서울,2004-07-29,24.1,33.2
108,서울,2004-07-30,25.2,33.4
108,서울,2004-07-31,24.7,34.5
108,서울,2004-08-01,25.3,34.2
108,서울,2004-08-02,23.7,33.2
108,서울,2004-08-03,25.7,32.7
108,서울,2004-08-04,23.2,32.9
108,서울,2004-08-05,23.8,32.7
108,서울,2004-08-06,24.7,32.9
108,서울,2004-08-07,26.2,32.4
108,서울,2004-08-08,26.1,32
108,서울,2004-08-09,25,33
108,서울,2004-08-10,25.2,36.2
108,서울,2004-08-11,25.6,35.7
108,서울,2004-08-12,25.6,34.7
108,서울,2004-08-13,26,32.7
108,서울,2004-08-14,24,29.2
108,서울,2004-08-15,22.8,31
108,서울,2004-08-16,21.5,29.1
108,서울,2004-08-17,21.1,26.2
108,서울,2004-08-18,22,25
108,서울,2004-08-19,19.1,25.3
108,서울,2004-08-20,20.5,26.8
108,서울,2004-08-21,21,25.5
108,서울,2004-08-22,21.3,25.2
108,서울,2004-08-23,20.5,26
108,서울,2004-08-24,18.7,29.2
108,서울,2004-08-25,20.7,27.5
108,서울,2004-08-26,21.2,28.5
108,서울,2004-08-27,21.1,28.3
108,서울,2004-08-28,22.1,26.6
108,서울,2004-08-29,21.6,30.1
108,서울,2004-08-30,22.7,31.5
108,서울,2004-08-31,20,29.3
108,서울,2004-09-01,22.2,29.3
108,서울,2004-09-02,21.1,29.2
108,서울,2004-09-03,19,28
108,서울,2004-09-04,20.7,30
108,서울,2004-09-05,20.7,31.3
108,서울,2004-09-06,19,29.7
108,서울,2004-09-07,18.2,24.2
108,서울,2004-09-08,18,27.2
108,서울,2004-09-09,18.7,28.8
108,서울,2004-09-10,17.6,26.7
108,서울,2004-09-11,16,20.6
108,서울,2004-09-12,16.6,23.5
108,서울,2004-09-13,19.3,24.3
108,서울,2004-09-14,17.5,28.7
108,서울,2004-09-15,19.6,28.2
108,서울,2004-09-16,20.7,27.2
108,서울,2004-09-17,18.7,28.7
108,서울,2004-09-18,18.3,23.7
108,서울,2004-09-19,14.8,26.2
108,서울,2004-09-20,14.6,20.5
108,서울,2004-09-21,15,20.2
108,서울,2004-09-22,12.8,24.5
108,서울,2004-09-23,16.7,25.2
108,서울,2004-09-24,16,26.7
108,서울,2004-09-25,17.1,26.3
108,서울,2004-09-26,18.1,23.6
108,서울,2004-09-27,16.5,26.8
108,서울,2004-09-28,17.1,25.2
108,서울,2004-09-29,17.7,27.1
108,서울,2004-09-30,16.1,27
108,서울,2004-10-01,10.8,21.5
108,서울,2004-10-02,8.8,17.7
108,서울,2004-10-03,7.4,19.7
108,서울,2004-10-04,10,21.1
108,서울,2004-10-05,9.8,23.7
108,서울,2004-10-06,12,24.5
108,서울,2004-10-07,13.6,23.7
108,서울,2004-10-08,14.1,25.6
108,서울,2004-10-09,15.1,25.1
108,서울,2004-10-10,15.3,25.3
108,서울,2004-10-11,13.8,23.8
108,서울,2004-10-12,11,19
108,서울,2004-10-13,8,18.3
108,서울,2004-10-14,5.8,15.8
108,서울,2004-10-15,7.1,19.8
108,서울,2004-10-16,10.6,23.2
108,서울,2004-10-17,11.8,21
108,서울,2004-10-18,13.3,21.6
108,서울,2004-10-19,11.1,23
108,서울,2004-10-20,12.6,23.2
108,서울,2004-10-21,10.3,20.7
108,서울,2004-10-22,8.3,17
108,서울,2004-10-23,7.6,17.7
108,서울,2004-10-24,9.8,18.6
108,서울,2004-10-25,11.8,20.2
108,서울,2004-10-26,8.1,15.1
108,서울,2004-10-27,5.3,17.1
108,서울,2004-10-28,6.8,17.6
108,서울,2004-10-29,8,17.8
108,서울,2004-10-30,9.8,22.1
108,서울,2004-10-31,10,23.2
108,서울,2004-11-01,11.8,20.5
108,서울,2004-11-02,8.1,12.3
108,서울,2004-11-03,6.9,14.6
108,서울,2004-11-04,8.3,16.3
108,서울,2004-11-05,7.6,15.8
108,서울,2004-11-06,4.3,12.6
108,서울,2004-11-07,3.4,17.6
108,서울,2004-11-08,7.9,17.3
108,서울,2004-11-09,12,21.5
108,서울,2004-11-10,13.6,16.3
108,서울,2004-11-11,9.6,15.6
108,서울,2004-11-12,1.7,9.6
108,서울,2004-11-13,.2,7.9
108,서울,2004-11-14,3.4,12.1
108,서울,2004-11-15,2.5,9.5
108,서울,2004-11-16,1.2,12.1
108,서울,2004-11-17,4.9,15.1
108,서울,2004-11-18,7.8,15.1
108,서울,2004-11-19,6.5,13.6
108,서울,2004-11-20,4.3,11.5
108,서울,2004-11-21,2.5,11.3
108,서울,2004-11-22,2.7,12.1
108,서울,2004-11-23,3.5,12.8
108,서울,2004-11-24,5.9,14.3
108,서울,2004-11-25,5.8,15.1
108,서울,2004-11-26,1.7,11.8
108,서울,2004-11-27,3.7,10.1
108,서울,2004-11-28,5,10.6
108,서울,2004-11-29,.8,9.1
108,서울,2004-11-30,1.2,8.3
108,서울,2004-12-01,1.6,9
108,서울,2004-12-02,3,14.3
108,서울,2004-12-03,6.5,16.2
108,서울,2004-12-04,6,10.5
108,서울,2004-12-05,-.2,6
108,서울,2004-12-06,-2.2,7.1
108,서울,2004-12-07,1.6,7
108,서울,2004-12-08,1.5,9.8
108,서울,2004-12-09,5.4,12.6
108,서울,2004-12-10,3,10.3
108,서울,2004-12-11,-.4,9.1
108,서울,2004-12-12,1.3,9.8
108,서울,2004-12-13,-.6,6.6
108,서울,2004-12-14,.4,9.3
108,서울,2004-12-15,4.5,7.5
108,서울,2004-12-16,1.7,7.3
108,서울,2004-12-17,.8,7.5
108,서울,2004-12-18,1.1,6.5
108,서울,2004-12-19,.4,9.8
108,서울,2004-12-20,-5.8,4.3
108,서울,2004-12-21,-7.3,1.2
108,서울,2004-12-22,-6,-.2
108,서울,2004-12-23,-8.1,1
108,서울,2004-12-24,-4,3.4
108,서울,2004-12-25,-4.3,1.2
108,서울,2004-12-26,-6.1,.4
108,서울,2004-12-27,-7.1,-.4
108,서울,2004-12-28,-7.3,-2.5
108,서울,2004-12-29,-8.3,-2.2
108,서울,2004-12-30,-8.3,-.8
108,서울,2004-12-31,-7,-1.2
108,서울,2005-01-01,-8.8,-1
108,서울,2005-01-02,-5,4.5
108,서울,2005-01-03,-2,4.9
108,서울,2005-01-04,-7.4,-1.2
108,서울,2005-01-05,-8.8,.6
108,서울,2005-01-06,-3.5,2.4
108,서울,2005-01-07,-6,2.2
108,서울,2005-01-08,-8,.8
108,서울,2005-01-09,-10.3,-4
108,서울,2005-01-10,-10.8,-1.5
108,서울,2005-01-11,-8.5,-2.7
108,서울,2005-01-12,-9.5,-2
108,서울,2005-01-13,-8.3,-1.2
108,서울,2005-01-14,-7.3,.6
108,서울,2005-01-15,-6.5,1.6
108,서울,2005-01-16,-4.6,5.1
108,서울,2005-01-17,-4,4.8
108,서울,2005-01-18,-3.4,3
108,서울,2005-01-19,-6,-.2
108,서울,2005-01-20,-7.8,-2.7
108,서울,2005-01-21,-9.5,-.6
108,서울,2005-01-22,-7.3,2.5
108,서울,2005-01-23,-2.7,7
108,서울,2005-01-24,-1,5
108,서울,2005-01-25,-2.2,4.4
108,서울,2005-01-26,-1.2,6.1
108,서울,2005-01-27,-2,5.6
108,서울,2005-01-28,-2.5,7.3
108,서울,2005-01-29,-6.1,2.7
108,서울,2005-01-30,-9.3,-3.7
108,서울,2005-01-31,-11,-2.5
108,서울,2005-02-01,-13.1,-6.8
108,서울,2005-02-02,-10.6,-2.5
108,서울,2005-02-03,-8.6,0
108,서울,2005-02-04,-5,2.4
108,서울,2005-02-05,-4.9,2
108,서울,2005-02-06,-5,5.5
108,서울,2005-02-07,-.8,5.5
108,서울,2005-02-08,-.6,5.8
108,서울,2005-02-09,-4.5,.8
108,서울,2005-02-10,-8.8,-2
108,서울,2005-02-11,-9.3,-1.6
108,서울,2005-02-12,-7.5,.1
108,서울,2005-02-13,-6.6,3.5
108,서울,2005-02-14,-2.5,5.5
108,서울,2005-02-15,.8,10
108,서울,2005-02-16,.8,5
108,서울,2005-02-17,0,10.5
108,서울,2005-02-18,3,6
108,서울,2005-02-19,-7.9,3.2
108,서울,2005-02-20,-9.5,-3.4
108,서울,2005-02-21,-10.3,-1.7
108,서울,2005-02-22,-4.6,4.5
108,서울,2005-02-23,-5.4,-.1
108,서울,2005-02-24,-6,3.2
108,서울,2005-02-25,-7.3,-1.5
108,서울,2005-02-26,-8.6,-1
108,서울,2005-02-27,-7.4,2.7
108,서울,2005-02-28,-2.7,5
108,서울,2005-03-01,-4.5,4.5
108,서울,2005-03-02,-2,4.5
108,서울,2005-03-03,-4.4,2
108,서울,2005-03-04,-4.5,4
108,서울,2005-03-05,-4.1,3
108,서울,2005-03-06,-3.5,5.1
108,서울,2005-03-07,-1.1,7.9
108,서울,2005-03-08,1.7,8.6
108,서울,2005-03-09,-1.2,14.6
108,서울,2005-03-10,5,13.1
108,서울,2005-03-11,-4,5
108,서울,2005-03-12,-6.5,-.8
108,서울,2005-03-13,-5.1,3
108,서울,2005-03-14,-2.7,7.8
108,서울,2005-03-15,1.2,8.8
108,서울,2005-03-16,3.2,12.5
108,서울,2005-03-17,3.2,9.8
108,서울,2005-03-18,1.7,8.3
108,서울,2005-03-19,-.6,10.3
108,서울,2005-03-20,3,9.8
108,서울,2005-03-21,2,12
108,서울,2005-03-22,3.9,14.3
108,서울,2005-03-23,5.3,13.6
108,서울,2005-03-24,-.2,7.5
108,서울,2005-03-25,-1.7,7
108,서울,2005-03-26,2.5,10.8
108,서울,2005-03-27,6,17.6
108,서울,2005-03-28,4.4,11.8
108,서울,2005-03-29,2.2,10.3
108,서울,2005-03-30,2.2,12.1
108,서울,2005-03-31,3.5,15.5
108,서울,2005-04-01,6.3,16.1
108,서울,2005-04-02,6.5,15.8
108,서울,2005-04-03,5.6,14.5
108,서울,2005-04-04,4.1,14.3
108,서울,2005-04-05,7.3,19
108,서울,2005-04-06,9.6,17.7
108,서울,2005-04-07,10.5,16.1
108,서울,2005-04-08,7.5,22.5
108,서울,2005-04-09,11.3,15.8
108,서울,2005-04-10,9.1,17.1
108,서울,2005-04-11,10.1,18.2
108,서울,2005-04-12,7.8,14.6
108,서울,2005-04-13,6.4,15.8
108,서울,2005-04-14,6.3,14.3
108,서울,2005-04-15,4.6,15.3
108,서울,2005-04-16,5.5,15.8
108,서울,2005-04-17,7.5,19.2
108,서울,2005-04-18,10.3,18.8
108,서울,2005-04-19,12.1,22
108,서울,2005-04-20,7.9,13
108,서울,2005-04-21,7.4,13.3
108,서울,2005-04-22,7.3,16.8
108,서울,2005-04-23,7.5,19.6
108,서울,2005-04-24,9.3,20.2
108,서울,2005-04-25,9.6,19.3
108,서울,2005-04-26,9.1,20.3
108,서울,2005-04-27,13,20.6
108,서울,2005-04-28,14.5,22.8
108,서울,2005-04-29,13.8,25.3
108,서울,2005-04-30,19.2,29.8
108,서울,2005-05-01,17.2,25.6
108,서울,2005-05-02,15,24.7
108,서울,2005-05-03,11.8,26.5
108,서울,2005-05-04,12.6,27.7
108,서울,2005-05-05,13.1,26.7
108,서울,2005-05-06,8.8,13.3
108,서울,2005-05-07,6.3,19.7
108,서울,2005-05-08,11.1,15.6
108,서울,2005-05-09,9,17.6
108,서울,2005-05-10,9,19.3
108,서울,2005-05-11,12.1,16.1
108,서울,2005-05-12,11.6,19.6
108,서울,2005-05-13,10.1,23.3
108,서울,2005-05-14,13.3,20.7
108,서울,2005-05-15,12.5,25.7
108,서울,2005-05-16,14.3,25.3
108,서울,2005-05-17,16,23.6
108,서울,2005-05-18,11.8,19.6
108,서울,2005-05-19,11.8,23
108,서울,2005-05-20,12.8,24.5
108,서울,2005-05-21,13.6,22.8
108,서울,2005-05-22,14.6,18.5
108,서울,2005-05-23,13.1,20.1
108,서울,2005-05-24,12.3,23.5
108,서울,2005-05-25,12.6,24
108,서울,2005-05-26,15.3,25
108,서울,2005-05-27,14.6,27.7
108,서울,2005-05-28,15.8,28.2
108,서울,2005-05-29,17.1,30.2
108,서울,2005-05-30,18,26.7
108,서울,2005-05-31,15.8,26.6
108,서울,2005-06-01,15.5,24.2
108,서울,2005-06-02,17.6,22.2
108,서울,2005-06-03,15.6,22.6
108,서울,2005-06-04,15.8,23.6
108,서울,2005-06-05,16,29.1
108,서울,2005-06-06,18.2,27.1
108,서울,2005-06-07,18.3,25.1
108,서울,2005-06-08,18.3,27.7
108,서울,2005-06-09,18.6,28
108,서울,2005-06-10,18,23.1
108,서울,2005-06-11,16.6,26.8
108,서울,2005-06-12,17.5,27.5
108,서울,2005-06-13,18.7,31.3
108,서울,2005-06-14,20.3,31.8
108,서울,2005-06-15,19,24.3
108,서울,2005-06-16,17.8,25.2
108,서울,2005-06-17,19.7,26.3
108,서울,2005-06-18,20.6,27.2
108,서울,2005-06-19,19.7,29.3
108,서울,2005-06-20,19,29.5
108,서울,2005-06-21,22,29.1
108,서울,2005-06-22,21,29.2
108,서울,2005-06-23,20.7,30.8
108,서울,2005-06-24,21.2,32
108,서울,2005-06-25,22.2,29.2
108,서울,2005-06-26,21.1,29.1
108,서울,2005-06-27,20.7,24.2
108,서울,2005-06-28,20.5,28
108,서울,2005-06-29,21.7,24.3
108,서울,2005-06-30,22.3,31.1
108,서울,2005-07-01,21.6,26.5
108,서울,2005-07-02,22.8,26.1
108,서울,2005-07-03,20.2,23.5
108,서울,2005-07-04,20,28.8
108,서울,2005-07-05,21.6,26.3
108,서울,2005-07-06,22.1,29
108,서울,2005-07-07,22.1,28.5
108,서울,2005-07-08,22.1,29.1
108,서울,2005-07-09,21.3,23.7
108,서울,2005-07-10,20.6,26.2
108,서울,2005-07-11,19.5,23.3
108,서울,2005-07-12,18.3,27
108,서울,2005-07-13,21.8,26.1
108,서울,2005-07-14,22.1,29.6
108,서울,2005-07-15,22,30.1
108,서울,2005-07-16,24.2,29.1
108,서울,2005-07-17,23.5,26.3
108,서울,2005-07-18,23.5,31.2
108,서울,2005-07-19,23.3,30.7
108,서울,2005-07-20,23.8,31.7
108,서울,2005-07-21,23.7,32.5
108,서울,2005-07-22,24.3,34.2
108,서울,2005-07-23,26.2,33.9
108,서울,2005-07-24,27,33.5
108,서울,2005-07-25,25.7,30.8
108,서울,2005-07-26,24.1,32.2
108,서울,2005-07-27,24.7,29.6
108,서울,2005-07-28,20.8,26
108,서울,2005-07-29,22.2,28.5
108,서울,2005-07-30,24.3,29.5
108,서울,2005-07-31,23,30.2
108,서울,2005-08-01,23.2,27
108,서울,2005-08-02,24.1,29.1
108,서울,2005-08-03,23.6,27.7
108,서울,2005-08-04,24.3,32.5
108,서울,2005-08-05,25.5,34.2
108,서울,2005-08-06,25.8,35
108,서울,2005-08-07,24.3,30.1
108,서울,2005-08-08,23.7,30.2
108,서울,2005-08-09,24.3,29.5
108,서울,2005-08-10,23.5,28.2
108,서울,2005-08-11,23.2,27.5
108,서울,2005-08-12,24.6,26.8
108,서울,2005-08-13,25.1,30.1
108,서울,2005-08-14,25.2,31.1
108,서울,2005-08-15,25,31.3
108,서울,2005-08-16,25.2,33
108,서울,2005-08-17,25.3,32.4
108,서울,2005-08-18,22.7,30
108,서울,2005-08-19,20,22.7
108,서울,2005-08-20,19.3,28.2
108,서울,2005-08-21,20.5,28.2
108,서울,2005-08-22,20.7,26
108,서울,2005-08-23,19.1,29.2
108,서울,2005-08-24,16.5,23.6
108,서울,2005-08-25,16.7,18.6
108,서울,2005-08-26,16.7,25.3
108,서울,2005-08-27,21,27.8
108,서울,2005-08-28,20.2,27.3
108,서울,2005-08-29,21.7,29
108,서울,2005-08-30,22,28
108,서울,2005-08-31,20,31.2
108,서울,2005-09-01,25.3,30.2
108,서울,2005-09-02,23.2,27.7
108,서울,2005-09-03,21.6,27.3
108,서울,2005-09-04,20.2,26
108,서울,2005-09-05,18.2,27.3
108,서울,2005-09-06,19.2,25.7
108,서울,2005-09-07,18.8,27.8
108,서울,2005-09-08,19.7,28.7
108,서울,2005-09-09,21.6,23.7
108,서울,2005-09-10,20,28.2
108,서울,2005-09-11,21.6,30.8
108,서울,2005-09-12,22.7,29
108,서울,2005-09-13,16.7,24.6
108,서울,2005-09-14,16.2,25
108,서울,2005-09-15,16.5,26.7
108,서울,2005-09-16,18.7,26.6
108,서울,2005-09-17,21.1,23.7
108,서울,2005-09-18,20.2,27.2
108,서울,2005-09-19,18.3,22.2
108,서울,2005-09-20,16,23.5
108,서울,2005-09-21,13.8,20.7
108,서울,2005-09-22,14.8,19
108,서울,2005-09-23,16.6,23.2
108,서울,2005-09-24,17.1,25.7
108,서울,2005-09-25,16.6,24.7
108,서울,2005-09-26,17.5,25.6
108,서울,2005-09-27,17.8,26.1
108,서울,2005-09-28,16.3,26.5
108,서울,2005-09-29,15.8,25.2
108,서울,2005-09-30,16,21.2
108,서울,2005-10-01,18.8,21.6
108,서울,2005-10-02,15.6,24.2
108,서울,2005-10-03,14.1,19.2
108,서울,2005-10-04,13.6,21.7
108,서울,2005-10-05,11,22.3
108,서울,2005-10-06,10.5,24.9
108,서울,2005-10-07,13.1,17.1
108,서울,2005-10-08,13.8,20.6
108,서울,2005-10-09,11.8,21.8
108,서울,2005-10-10,12.6,23.1
108,서울,2005-10-11,12.5,23.2
108,서울,2005-10-12,12.6,23.2
108,서울,2005-10-13,14.6,21.7
108,서울,2005-10-14,12.3,17.8
108,서울,2005-10-15,10.3,19
108,서울,2005-10-16,9.1,20.2
108,서울,2005-10-17,9.3,21.7
108,서울,2005-10-18,12.6,20
108,서울,2005-10-19,11.1,21.2
108,서울,2005-10-20,11.1,21.7
108,서울,2005-10-21,9.1,14.8
108,서울,2005-10-22,5.1,12.3
108,서울,2005-10-23,3,15.5
108,서울,2005-10-24,7,18.5
108,서울,2005-10-25,10.1,19.5
108,서울,2005-10-26,11.6,19.8
108,서울,2005-10-27,10.1,20
108,서울,2005-10-28,8.5,16.2
108,서울,2005-10-29,7.1,12.5
108,서울,2005-10-30,4.5,11.8
108,서울,2005-10-31,3.9,15.3
108,서울,2005-11-01,7.9,17.5
108,서울,2005-11-02,11.1,17.3
108,서울,2005-11-03,12.1,20.7
108,서울,2005-11-04,12.6,21.8
108,서울,2005-11-05,12.1,20.7
108,서울,2005-11-06,8.5,18.1
108,서울,2005-11-07,6,15.3
108,서울,2005-11-08,4.8,12.1
108,서울,2005-11-09,5.4,15.3
108,서울,2005-11-10,9.8,17.7
108,서울,2005-11-11,8.6,17.2
108,서울,2005-11-12,4.6,13.8
108,서울,2005-11-13,5.6,12.1
108,서울,2005-11-14,3.2,10
108,서울,2005-11-15,1.1,6.9
108,서울,2005-11-16,-1.1,7.9
108,서울,2005-11-17,-.8,8.1
108,서울,2005-11-18,.4,7.5
108,서울,2005-11-19,-.5,7.3
108,서울,2005-11-20,-1,8.3
108,서울,2005-11-21,2.2,10
108,서울,2005-11-22,.8,9.3
108,서울,2005-11-23,3.5,13.3
108,서울,2005-11-24,5.4,12.6
108,서울,2005-11-25,3.9,13.1
108,서울,2005-11-26,4.1,12.5
108,서울,2005-11-27,6,12.1
108,서울,2005-11-28,4,12.1
108,서울,2005-11-29,-.2,7.5
108,서울,2005-11-30,-.8,8.8
108,서울,2005-12-01,2.5,11.1
108,서울,2005-12-02,-2,4
108,서울,2005-12-03,-3.2,2.7
108,서울,2005-12-04,-7.5,-1.7
108,서울,2005-12-05,-8.8,-1.8
108,서울,2005-12-06,-5.5,.1
108,서울,2005-12-07,-4.9,2
108,서울,2005-12-08,-4.6,.8
108,서울,2005-12-09,-4.9,1.7
108,서울,2005-12-10,-7.5,.4
108,서울,2005-12-11,-9.1,-2.7
108,서울,2005-12-12,-10.1,-5.5
108,서울,2005-12-13,-11.6,-5
108,서울,2005-12-14,-11.5,-2
108,서울,2005-12-15,-8.8,-.4
108,서울,2005-12-16,-6.5,.4
108,서울,2005-12-17,-13.3,-5.8
108,서울,2005-12-18,-14,-3.7
108,서울,2005-12-19,-9.8,.3
108,서울,2005-12-20,-7.5,1.3
108,서울,2005-12-21,-9.6,-1.7
108,서울,2005-12-22,-11.1,-3.2
108,서울,2005-12-23,-5.3,.2
108,서울,2005-12-24,-8.6,-.5
108,서울,2005-12-25,-6.9,2
108,서울,2005-12-26,-10.1,-4
108,서울,2005-12-27,-10.1,-3.2
108,서울,2005-12-28,-9.1,-.4
108,서울,2005-12-29,-6.8,1.2
108,서울,2005-12-30,-2,4.3
108,서울,2005-12-31,-2,5.5
108,서울,2006-01-01,.6,1.8
108,서울,2006-01-02,-2.4,3.9
108,서울,2006-01-03,-4.5,1.2
108,서울,2006-01-04,-8.3,-4.4
108,서울,2006-01-05,-10,-2.5
108,서울,2006-01-06,-10.1,-3.9
108,서울,2006-01-07,-9.6,-1.8
108,서울,2006-01-08,-8.5,.4
108,서울,2006-01-09,-7,3
108,서울,2006-01-10,-2.2,2.4
108,서울,2006-01-11,-5.3,3.5
108,서울,2006-01-12,-2.4,4.5
108,서울,2006-01-13,1.8,6
108,서울,2006-01-14,1.7,9.3
108,서울,2006-01-15,.8,7.5
108,서울,2006-01-16,-.2,3.9
108,서울,2006-01-17,-1.2,4.8
108,서울,2006-01-18,-1.7,5.5
108,서울,2006-01-19,-1.6,6.9
108,서울,2006-01-20,.2,6.5
108,서울,2006-01-21,-2.2,5.1
108,서울,2006-01-22,-6,-.6
108,서울,2006-01-23,-8,-.4
108,서울,2006-01-24,-7.6,1.7
108,서울,2006-01-25,-4.5,3.2
108,서울,2006-01-26,-2.5,3.9
108,서울,2006-01-27,-1.1,5.5
108,서울,2006-01-28,-3,6
108,서울,2006-01-29,-.4,8.1
108,서울,2006-01-30,2.9,8.1
108,서울,2006-01-31,1.1,6.3
108,서울,2006-02-01,-2.5,5.4
108,서울,2006-02-02,-8.6,1
108,서울,2006-02-03,-14.1,-8.6
108,서울,2006-02-04,-13.1,-4.6
108,서울,2006-02-05,-10.3,-1.6
108,서울,2006-02-06,-3.9,4.9
108,서울,2006-02-07,-4.8,1.2
108,서울,2006-02-08,-9.3,-3.9
108,서울,2006-02-09,-10.3,-1.2
108,서울,2006-02-10,-1.7,4
108,서울,2006-02-11,-2.7,5.1
108,서울,2006-02-12,-5.9,2.5
108,서울,2006-02-13,-2,10.6
108,서울,2006-02-14,4.4,7.5
108,서울,2006-02-15,2.9,6.5
108,서울,2006-02-16,-5.1,6.9
108,서울,2006-02-17,-8.1,-1.3
108,서울,2006-02-18,-5.3,5.3
108,서울,2006-02-19,-1,8
108,서울,2006-02-20,-.1,9.1
108,서울,2006-02-21,-.5,8.6
108,서울,2006-02-22,-1.5,7.3
108,서울,2006-02-23,-3.4,6.1
108,서울,2006-02-24,-1.7,11.5
108,서울,2006-02-25,2.7,10.8
108,서울,2006-02-26,-3.5,7.5
108,서울,2006-02-27,-4.6,4.4
108,서울,2006-02-28,.5,4.8
108,서울,2006-03-01,-2.4,2.5
108,서울,2006-03-02,-2.9,2
108,서울,2006-03-03,-3.2,5.1
108,서울,2006-03-04,-2.2,10
108,서울,2006-03-05,4.5,12.6
108,서울,2006-03-06,.6,12.1
108,서울,2006-03-07,1.2,11.1
108,서울,2006-03-08,.5,10.3
108,서울,2006-03-09,6.8,15.6
108,서울,2006-03-10,7,14.6
108,서울,2006-03-11,.8,9.8
108,서울,2006-03-12,-6.4,1
108,서울,2006-03-13,-6.9,3
108,서울,2006-03-14,-3.7,4.9
108,서울,2006-03-15,-.4,11
108,서울,2006-03-16,3,6.9
108,서울,2006-03-17,3.2,15.1
108,서울,2006-03-18,3.7,13.1
108,서울,2006-03-19,.8,8.8
108,서울,2006-03-20,.6,8.5
108,서울,2006-03-21,2.9,16.2
108,서울,2006-03-22,6,17.2
108,서울,2006-03-23,3,10.8
108,서울,2006-03-24,.8,12
108,서울,2006-03-25,4.4,14.8
108,서울,2006-03-26,1.8,11.8
108,서울,2006-03-27,2.9,12.1
108,서울,2006-03-28,1,4.9
108,서울,2006-03-29,-.3,7.1
108,서울,2006-03-30,.2,9.3
108,서울,2006-03-31,1.1,14.1
108,서울,2006-04-01,7.5,11.6
108,서울,2006-04-02,5.3,11.1
108,서울,2006-04-03,4.3,18.7
108,서울,2006-04-04,10.8,14.5
108,서울,2006-04-05,7.3,17.5
108,서울,2006-04-06,5.6,13
108,서울,2006-04-07,7.9,13.3
108,서울,2006-04-08,6.6,14.1
108,서울,2006-04-09,8.8,21.7
108,서울,2006-04-10,11.6,18.6
108,서울,2006-04-11,13.1,22.2
108,서울,2006-04-12,11,21.2
108,서울,2006-04-13,7.8,12
108,서울,2006-04-14,6.6,18.8
108,서울,2006-04-15,8.8,16.2
108,서울,2006-04-16,2.9,12.6
108,서울,2006-04-17,4.6,14.3
108,서울,2006-04-18,12.1,17.7
108,서울,2006-04-19,3.2,16.6
108,서울,2006-04-20,3.2,9.3
108,서울,2006-04-21,5.5,16.7
108,서울,2006-04-22,8,17.2
108,서울,2006-04-23,7.1,13.1
108,서울,2006-04-24,5.9,15.3
108,서울,2006-04-25,6.1,16.5
108,서울,2006-04-26,8.3,16.7
108,서울,2006-04-27,9.1,18.7
108,서울,2006-04-28,7.5,18.5
108,서울,2006-04-29,10.8,17.7
108,서울,2006-04-30,12.6,20.1
108,서울,2006-05-01,12.6,23.8
108,서울,2006-05-02,12.8,23.7
108,서울,2006-05-03,10.8,21.2
108,서울,2006-05-04,11.3,24.7
108,서울,2006-05-05,18.1,23.6
108,서울,2006-05-06,13.5,18.8
108,서울,2006-05-07,12.3,26.5
108,서울,2006-05-08,15.6,26.7
108,서울,2006-05-09,15.8,27.6
108,서울,2006-05-10,16,20.2
108,서울,2006-05-11,13.5,24.2
108,서울,2006-05-12,15.1,18.8
108,서울,2006-05-13,12.3,19
108,서울,2006-05-14,10.8,21.5
108,서울,2006-05-15,11.3,25
108,서울,2006-05-16,13.8,24.7
108,서울,2006-05-17,13.1,24.6
108,서울,2006-05-18,15.3,24.8
108,서울,2006-05-19,16,20.2
108,서울,2006-05-20,13,24.7
108,서울,2006-05-21,15.3,28.3
108,서울,2006-05-22,14.6,22.5
108,서울,2006-05-23,12,20.1
108,서울,2006-05-24,13.8,23.8
108,서울,2006-05-25,16.1,21.3
108,서울,2006-05-26,16.7,27
108,서울,2006-05-27,13.8,21.2
108,서울,2006-05-28,13.5,22.2
108,서울,2006-05-29,14.6,22.7
108,서울,2006-05-30,15,25.5
108,서울,2006-05-31,15.6,26.7
108,서울,2006-06-01,16.7,28.1
108,서울,2006-06-02,18.6,32.4
108,서울,2006-06-03,19.5,29.8
108,서울,2006-06-04,17.3,26.2
108,서울,2006-06-05,17.1,26.1
108,서울,2006-06-06,17.7,27.3
108,서울,2006-06-07,17.8,26.5
108,서울,2006-06-08,18.3,24
108,서울,2006-06-09,17.2,26.2
108,서울,2006-06-10,15.1,20.6
108,서울,2006-06-11,15.6,17.8
108,서울,2006-06-12,14.1,28.3
108,서울,2006-06-13,18.7,28.8
108,서울,2006-06-14,16.5,22.1
108,서울,2006-06-15,15.8,22.7
108,서울,2006-06-16,15.6,27.3
108,서울,2006-06-17,18,26.3
108,서울,2006-06-18,17.6,27.2
108,서울,2006-06-19,17.2,28.7
108,서울,2006-06-20,19.8,26.2
108,서울,2006-06-21,18.7,20.1
108,서울,2006-06-22,17.7,28.8
108,서울,2006-06-23,19.7,29.3
108,서울,2006-06-24,19.2,28.5
108,서울,2006-06-25,20.3,29.2
108,서울,2006-06-26,19.6,22.8
108,서울,2006-06-27,19.1,24.2
108,서울,2006-06-28,20.5,27.7
108,서울,2006-06-29,21.7,29.3
108,서울,2006-06-30,20.8,26.8
108,서울,2006-07-01,21.1,24.7
108,서울,2006-07-02,20.6,26.7
108,서울,2006-07-03,19.6,28.6
108,서울,2006-07-04,21.5,24
108,서울,2006-07-05,18.7,24.7
108,서울,2006-07-06,19.2,23.5
108,서울,2006-07-07,20,26.8
108,서울,2006-07-08,21.3,29
108,서울,2006-07-09,23.5,28.8
108,서울,2006-07-10,21.2,26.1
108,서울,2006-07-11,21.2,28.7
108,서울,2006-07-12,22.6,25.1
108,서울,2006-07-13,23.7,27.2
108,서울,2006-07-14,25.2,29.2
108,서울,2006-07-15,21.1,27.2
108,서울,2006-07-16,17.7,21.2
108,서울,2006-07-17,18.7,20.3
108,서울,2006-07-18,17.5,20.7
108,서울,2006-07-19,18.5,24.2
108,서울,2006-07-20,19.1,24.7
108,서울,2006-07-21,18.8,26.7
108,서울,2006-07-22,21.2,27.5
108,서울,2006-07-23,20.1,28.1
108,서울,2006-07-24,21.6,26.6
108,서울,2006-07-25,20.7,28.3
108,서울,2006-07-26,20.7,24.6
108,서울,2006-07-27,20.1,22
108,서울,2006-07-28,20.6,23.2
108,서울,2006-07-29,22.1,27.2
108,서울,2006-07-30,24.3,29.7
108,서울,2006-07-31,24.6,30.1
108,서울,2006-08-01,24.7,32
108,서울,2006-08-02,24.2,32
108,서울,2006-08-03,24,33.2
108,서울,2006-08-04,24.8,34.7
108,서울,2006-08-05,25.6,32.9
108,서울,2006-08-06,25.5,32.4
108,서울,2006-08-07,23.7,31.7
108,서울,2006-08-08,24,34.2
108,서울,2006-08-09,25.6,34.2
108,서울,2006-08-10,24.8,33.2
108,서울,2006-08-11,24.5,30.1
108,서울,2006-08-12,22.7,32.7
108,서울,2006-08-13,25.1,33.2
108,서울,2006-08-14,26.5,33.5
108,서울,2006-08-15,26.2,32.4
108,서울,2006-08-16,26,31.7
108,서울,2006-08-17,24.2,30.8
108,서울,2006-08-18,23.3,30.7
108,서울,2006-08-19,20.8,29.7
108,서울,2006-08-20,21,26.5
108,서울,2006-08-21,23,30.5
108,서울,2006-08-22,24.3,31.6
108,서울,2006-08-23,25.2,30.6
108,서울,2006-08-24,23.7,30.7
108,서울,2006-08-25,23.3,29
108,서울,2006-08-26,22.8,31.3
108,서울,2006-08-27,23,25.7
108,서울,2006-08-28,22.8,29.6
108,서울,2006-08-29,22.2,25.8
108,서울,2006-08-30,21.6,29.5
108,서울,2006-08-31,22.7,29.5
108,서울,2006-09-01,19.5,28.8
108,서울,2006-09-02,21,30.3
108,서울,2006-09-03,21.5,30.2
108,서울,2006-09-04,17.7,25.1
108,서울,2006-09-05,16.2,26.3
108,서울,2006-09-06,15.8,25.2
108,서울,2006-09-07,15.8,28.1
108,서울,2006-09-08,18.7,25.7
108,서울,2006-09-09,13.6,22.1
108,서울,2006-09-10,12.6,20.1
108,서울,2006-09-11,11.3,21.3
108,서울,2006-09-12,13.6,25.2
108,서울,2006-09-13,17,27.2
108,서울,2006-09-14,16.2,27
108,서울,2006-09-15,17.7,24.5
108,서울,2006-09-16,19.2,24.7
108,서울,2006-09-17,16.8,22.8
108,서울,2006-09-18,16.3,20
108,서울,2006-09-19,14.1,26.1
108,서울,2006-09-20,17.8,26.7
108,서울,2006-09-21,19.1,28.6
108,서울,2006-09-22,18.6,27.7
108,서울,2006-09-23,17.1,26.6
108,서울,2006-09-24,15.3,26.8
108,서울,2006-09-25,16,26.7
108,서울,2006-09-26,17.8,27.1
108,서울,2006-09-27,18.7,27.2
108,서울,2006-09-28,18.1,23.1
108,서울,2006-09-29,17.3,25.6
108,서울,2006-09-30,16.2,25.5
108,서울,2006-10-01,17.7,25.3
108,서울,2006-10-02,15.3,26.3
108,서울,2006-10-03,15.1,26.3
108,서울,2006-10-04,15.6,27.5
108,서울,2006-10-05,16.3,27.2
108,서울,2006-10-06,16.2,26.7
108,서울,2006-10-07,14.5,25.7
108,서울,2006-10-08,15.8,23.7
108,서울,2006-10-09,17,23.6
108,서울,2006-10-10,18.7,25.7
108,서울,2006-10-11,15,23.6
108,서울,2006-10-12,10.6,22.5
108,서울,2006-10-13,12,24.2
108,서울,2006-10-14,14,24.2
108,서울,2006-10-15,14.3,24.1
108,서울,2006-10-16,15.6,25.6
108,서울,2006-10-17,16,21.7
108,서울,2006-10-18,16.7,23.2
108,서울,2006-10-19,17.7,21.8
108,서울,2006-10-20,16,23.5
108,서울,2006-10-21,14.8,24
108,서울,2006-10-22,15.1,18.7
108,서울,2006-10-23,10.5,15.6
108,서울,2006-10-24,9.5,18.3
108,서울,2006-10-25,9.3,17.2
108,서울,2006-10-26,12.1,18.8
108,서울,2006-10-27,10.3,17.8
108,서울,2006-10-28,9.5,19.5
108,서울,2006-10-29,11.8,19.5
108,서울,2006-10-30,7.9,19.8
108,서울,2006-10-31,10.1,19.7
108,서울,2006-11-01,12.6,19.8
108,서울,2006-11-02,11.8,18.3
108,서울,2006-11-03,9.6,20.2
108,서울,2006-11-04,12.1,19.3
108,서울,2006-11-05,8.3,17.7
108,서울,2006-11-06,-.1,8.8
108,서울,2006-11-07,-1.3,8.1
108,서울,2006-11-08,5.5,17.1
108,서울,2006-11-09,8.6,17.2
108,서울,2006-11-10,5.1,12.6
108,서울,2006-11-11,2,9.3
108,서울,2006-11-12,.6,11.3
108,서울,2006-11-13,4.5,13.6
108,서울,2006-11-14,2.5,8.6
108,서울,2006-11-15,1.8,10.5
108,서울,2006-11-16,-.4,7
108,서울,2006-11-17,.5,10.1
108,서울,2006-11-18,2.5,13.1
108,서울,2006-11-19,3.5,13.6
108,서울,2006-11-20,4.6,13.1
108,서울,2006-11-21,5.4,11.1
108,서울,2006-11-22,5,10.1
108,서울,2006-11-23,6,11.3
108,서울,2006-11-24,4.8,12.6
108,서울,2006-11-25,4,16.2
108,서울,2006-11-26,8.3,13.8
108,서울,2006-11-27,5.8,12
108,서울,2006-11-28,2.5,7
108,서울,2006-11-29,0,5
108,서울,2006-11-30,-.6,3.5
108,서울,2006-12-01,.8,5.9
108,서울,2006-12-02,-6.1,3
108,서울,2006-12-03,-8.5,-.8
108,서울,2006-12-04,-5.4,2.5
108,서울,2006-12-05,-.4,6.6
108,서울,2006-12-06,-.6,6.9
108,서울,2006-12-07,3.5,7.4
108,서울,2006-12-08,4,9.1
108,서울,2006-12-09,-1.2,5.9
108,서울,2006-12-10,-3.5,3.7
108,서울,2006-12-11,-2,6
108,서울,2006-12-12,1.2,9.5
108,서울,2006-12-13,3.5,9.8
108,서울,2006-12-14,1.1,6.1
108,서울,2006-12-15,.6,6.4
108,서울,2006-12-16,-.2,4.8
108,서울,2006-12-17,-3.9,1.6
108,서울,2006-12-18,-5.4,1.1
108,서울,2006-12-19,-4.1,5
108,서울,2006-12-20,1.7,8.1
108,서울,2006-12-21,.1,8.1
108,서울,2006-12-22,2,7.3
108,서울,2006-12-23,-.8,7
108,서울,2006-12-24,-1.7,7.3
108,서울,2006-12-25,.4,12.6
108,서울,2006-12-26,2.5,12.6
108,서울,2006-12-27,-4.3,5.6
108,서울,2006-12-28,-11.3,-4.3
108,서울,2006-12-29,-12.3,-3.7
108,서울,2006-12-30,-8.8,-.1
108,서울,2006-12-31,-4.4,6.1
108,서울,2007-01-01,0,6
108,서울,2007-01-02,1.5,4.5
108,서울,2007-01-03,1.6,9.3
108,서울,2007-01-04,.8,11.8
108,서울,2007-01-05,1,9
108,서울,2007-01-06,-4.8,4.6
108,서울,2007-01-07,-6.5,-.8
108,서울,2007-01-08,-4.6,.2
108,서울,2007-01-09,-6,2.5
108,서울,2007-01-10,-3,2.9
108,서울,2007-01-11,-4.5,1.5
108,서울,2007-01-12,-5.8,-.8
108,서울,2007-01-13,-7.6,-2.2
108,서울,2007-01-14,-7.6,2.5
108,서울,2007-01-15,-4.5,4
108,서울,2007-01-16,-.6,5.3
108,서울,2007-01-17,-.8,4.5
108,서울,2007-01-18,-1.1,4.3
108,서울,2007-01-19,-3.4,4.4
108,서울,2007-01-20,-2.7,6.1
108,서울,2007-01-21,-2.5,7.1
108,서울,2007-01-22,-1.1,5.5
108,서울,2007-01-23,-1.6,6
108,서울,2007-01-24,-1.8,5.5
108,서울,2007-01-25,-2,4.6
108,서울,2007-01-26,-.2,4.3
108,서울,2007-01-27,-1.5,3.5
108,서울,2007-01-28,-3,4.4
108,서울,2007-01-29,-2.7,4.9
108,서울,2007-01-30,-5,2.7
108,서울,2007-01-31,-6.5,-.3
108,서울,2007-02-01,-8.3,-1.5
108,서울,2007-02-02,-8.6,-.5
108,서울,2007-02-03,-5.6,6.4
108,서울,2007-02-04,-2.2,9.3
108,서울,2007-02-05,.3,8.1
108,서울,2007-02-06,5.5,13.3
108,서울,2007-02-07,1.2,13.8
108,서울,2007-02-08,4.5,6.5
108,서울,2007-02-09,3.9,6.1
108,서울,2007-02-10,.4,6
108,서울,2007-02-11,-2.5,5.8
108,서울,2007-02-12,-.8,8.3
108,서울,2007-02-13,1.2,7.4
108,서울,2007-02-14,-3.2,4
108,서울,2007-02-15,-3.5,4.4
108,서울,2007-02-16,-3.2,9.5
108,서울,2007-02-17,3.5,10.1
108,서울,2007-02-18,.6,12.1
108,서울,2007-02-19,1.7,10.3
108,서울,2007-02-20,.4,12
108,서울,2007-02-21,2.2,8.5
108,서울,2007-02-22,2.5,13.1
108,서울,2007-02-23,-.6,7.4
108,서울,2007-02-24,-1.7,9.3
108,서울,2007-02-25,4.5,11.5
108,서울,2007-02-26,3.7,14
108,서울,2007-02-27,3.9,12.5
108,서울,2007-02-28,2.7,14.8
108,서울,2007-03-01,3.9,15.3
108,서울,2007-03-02,6.5,12
108,서울,2007-03-03,8.6,12
108,서울,2007-03-04,5.5,14.1
108,서울,2007-03-05,-5.3,5.5
108,서울,2007-03-06,-7.6,-1.6
108,서울,2007-03-07,-6.9,1.2
108,서울,2007-03-08,-3.5,3.9
108,서울,2007-03-09,.6,9.3
108,서울,2007-03-10,-3.5,6.5
108,서울,2007-03-11,-3.7,3.5
108,서울,2007-03-12,-1.8,7.5
108,서울,2007-03-13,.6,10.1
108,서울,2007-03-14,1.3,11.6
108,서울,2007-03-15,5,14.5
108,서울,2007-03-16,5,12.8
108,서울,2007-03-17,3.2,11.6
108,서울,2007-03-18,1.7,11.6
108,서울,2007-03-19,1.8,12.3
108,서울,2007-03-20,1.7,10.1
108,서울,2007-03-21,5.4,8.3
108,서울,2007-03-22,6,12.6
108,서울,2007-03-23,6,16.2
108,서울,2007-03-24,7.8,13
108,서울,2007-03-25,4.4,12.3
108,서울,2007-03-26,3,13.5
108,서울,2007-03-27,8.3,13.8
108,서울,2007-03-28,3,9.5
108,서울,2007-03-29,1.8,10.6
108,서울,2007-03-30,3.4,15.6
108,서울,2007-03-31,7.9,11.1
108,서울,2007-04-01,6.5,13.3
108,서울,2007-04-02,3.2,8.8
108,서울,2007-04-03,1.6,9.1
108,서울,2007-04-04,2,11.1
108,서울,2007-04-05,2.5,13.6
108,서울,2007-04-06,6.5,14.6
108,서울,2007-04-07,6.3,13.8
108,서울,2007-04-08,6,14.6
108,서울,2007-04-09,5.6,16
108,서울,2007-04-10,9,14.3
108,서울,2007-04-11,6.8,17
108,서울,2007-04-12,8.3,15.6
108,서울,2007-04-13,7.5,14.3
108,서울,2007-04-14,5.5,15.8
108,서울,2007-04-15,8,17.6
108,서울,2007-04-16,7.5,13.6
108,서울,2007-04-17,5.6,15.6
108,서울,2007-04-18,6.3,16.6
108,서울,2007-04-19,8.5,17.5
108,서울,2007-04-20,10.1,14.5
108,서울,2007-04-21,11.8,20
108,서울,2007-04-22,11.1,16.2
108,서울,2007-04-23,9.3,19.6
108,서울,2007-04-24,10.8,16.7
108,서울,2007-04-25,9.3,17.7
108,서울,2007-04-26,8.1,21.1
108,서울,2007-04-27,10.3,21
108,서울,2007-04-28,10,20.7
108,서울,2007-04-29,10.8,22.5
108,서울,2007-04-30,11.3,18.7
108,서울,2007-05-01,11.6,16.8
108,서울,2007-05-02,11.1,21.2
108,서울,2007-05-03,13,19.5
108,서울,2007-05-04,13.8,21.7
108,서울,2007-05-05,13.8,26.1
108,서울,2007-05-06,15.5,25.2
108,서울,2007-05-07,13.8,26.1
108,서울,2007-05-08,15.3,25.6
108,서울,2007-05-09,10.8,22.2
108,서울,2007-05-10,9,22.8
108,서울,2007-05-11,12.5,24.7
108,서울,2007-05-12,11.1,18.6
108,서울,2007-05-13,10,22.8
108,서울,2007-05-14,14.1,20.7
108,서울,2007-05-15,12.6,25.2
108,서울,2007-05-16,13.6,22
108,서울,2007-05-17,13.3,24
108,서울,2007-05-18,12.5,18.8
108,서울,2007-05-19,12.5,20
108,서울,2007-05-20,12,23.1
108,서울,2007-05-21,12.8,24.1
108,서울,2007-05-22,12.6,26
108,서울,2007-05-23,15.5,25.6
108,서울,2007-05-24,18.3,22.2
108,서울,2007-05-25,16.8,23.1
108,서울,2007-05-26,14.6,25.7
108,서울,2007-05-27,16,30.1
108,서울,2007-05-28,16.2,27.5
108,서울,2007-05-29,15.8,20.8
108,서울,2007-05-30,15.3,24.7
108,서울,2007-05-31,16.5,27.2
108,서울,2007-06-01,16.7,22.2
108,서울,2007-06-02,17.2,28.6
108,서울,2007-06-03,19,29.6
108,서울,2007-06-04,19.3,25.8
108,서울,2007-06-05,18.3,21.5
108,서울,2007-06-06,17.5,24.8
108,서울,2007-06-07,17.7,21.7
108,서울,2007-06-08,17.2,23.8
108,서울,2007-06-09,14.1,25.7
108,서울,2007-06-10,16.6,30.7
108,서울,2007-06-11,19.2,30
108,서울,2007-06-12,19.7,29.6
108,서울,2007-06-13,19.5,29.3
108,서울,2007-06-14,19.8,28.5
108,서울,2007-06-15,18.2,28.5
108,서울,2007-06-16,18.7,32.2
108,서울,2007-06-17,18.7,30.7
108,서울,2007-06-18,20.5,33.2
108,서울,2007-06-19,21.5,32.2
108,서울,2007-06-20,21.5,28.6
108,서울,2007-06-21,19.2,23.2
108,서울,2007-06-22,19.5,31.7
108,서울,2007-06-23,21.3,29.5
108,서울,2007-06-24,17.8,24.5
108,서울,2007-06-25,19.2,25.2
108,서울,2007-06-26,21.3,30.6
108,서울,2007-06-27,21.5,30.6
108,서울,2007-06-28,23,27.2
108,서울,2007-06-29,21.1,23.7
108,서울,2007-06-30,21,28.7
108,서울,2007-07-01,19,23.2
108,서울,2007-07-02,18.7,22.8
108,서울,2007-07-03,20.3,27.3
108,서울,2007-07-04,20.7,25.3
108,서울,2007-07-05,20.7,25.1
108,서울,2007-07-06,21.3,31.1
108,서울,2007-07-07,22.7,30.7
108,서울,2007-07-08,22.6,30.2
108,서울,2007-07-09,21.7,30.3
108,서울,2007-07-10,19.5,25.1
108,서울,2007-07-11,17.7,21.1
108,서울,2007-07-12,20.1,28
108,서울,2007-07-13,21.6,30.7
108,서울,2007-07-14,22,27.8
108,서울,2007-07-15,19.1,29
108,서울,2007-07-16,18.6,25.2
108,서울,2007-07-17,19,27.7
108,서울,2007-07-18,19.7,31
108,서울,2007-07-19,23.3,26.8
108,서울,2007-07-20,23.1,30
108,서울,2007-07-21,22,26.2
108,서울,2007-07-22,20.7,29.7
108,서울,2007-07-23,21.7,29.3
108,서울,2007-07-24,21.1,26.7
108,서울,2007-07-25,23.2,26.7
108,서울,2007-07-26,23,31.2
108,서울,2007-07-27,25.1,29.7
108,서울,2007-07-28,24.1,26.2
108,서울,2007-07-29,21.7,27.2
108,서울,2007-07-30,22.2,31.2
108,서울,2007-07-31,23.5,29.8
108,서울,2007-08-01,25.1,30.1
108,서울,2007-08-02,25.7,30.2
108,서울,2007-08-03,25.2,32.2
108,서울,2007-08-04,22.2,26.1
108,서울,2007-08-05,22.2,27.7
108,서울,2007-08-06,24,29.3
108,서울,2007-08-07,22.3,25.2
108,서울,2007-08-08,21.8,27.7
108,서울,2007-08-09,22.2,29.2
108,서울,2007-08-10,25.7,31
108,서울,2007-08-11,25.5,33
108,서울,2007-08-12,24.6,28.1
108,서울,2007-08-13,24.8,30.3
108,서울,2007-08-14,25,28.6
108,서울,2007-08-15,23.7,29.5
108,서울,2007-08-16,25.3,30.8
108,서울,2007-08-17,24.2,32.2
108,서울,2007-08-18,24.2,31.2
108,서울,2007-08-19,25,31
108,서울,2007-08-20,24.5,31
108,서울,2007-08-21,25.8,29.7
108,서울,2007-08-22,24.2,31.8
108,서울,2007-08-23,21.8,33.2
108,서울,2007-08-24,22.3,31.7
108,서울,2007-08-25,25.3,33
108,서울,2007-08-26,25.1,32.2
108,서울,2007-08-27,24.2,30
108,서울,2007-08-28,23.7,30.8
108,서울,2007-08-29,20.7,26.3
108,서울,2007-08-30,21.2,25.6
108,서울,2007-08-31,19.8,27.1
108,서울,2007-09-01,19.2,23.2
108,서울,2007-09-02,19,22.7
108,서울,2007-09-03,18.2,27.6
108,서울,2007-09-04,20.8,25
108,서울,2007-09-05,19,24.2
108,서울,2007-09-06,16.8,20
108,서울,2007-09-07,17.3,26.5
108,서울,2007-09-08,18.2,26
108,서울,2007-09-09,17.3,27.3
108,서울,2007-09-10,20.1,28.3
108,서울,2007-09-11,21.8,28.1
108,서울,2007-09-12,20,28.6
108,서울,2007-09-13,20.1,27.8
108,서울,2007-09-14,18.2,27
108,서울,2007-09-15,18.1,23.2
108,서울,2007-09-16,19.7,24.2
108,서울,2007-09-17,19.2,27.7
108,서울,2007-09-18,18.3,21.8
108,서울,2007-09-19,20.3,26.7
108,서울,2007-09-20,20.1,31.1
108,서울,2007-09-21,20.7,24
108,서울,2007-09-22,18.5,22.1
108,서울,2007-09-23,18.7,25
108,서울,2007-09-24,18.6,27
108,서울,2007-09-25,17.8,27.7
108,서울,2007-09-26,18.6,26.2
108,서울,2007-09-27,18.3,23.5
108,서울,2007-09-28,15.1,19.7
108,서울,2007-09-29,14.1,21.2
108,서울,2007-09-30,16.7,18.7
108,서울,2007-10-01,16.6,20.7
108,서울,2007-10-02,16.7,22.2
108,서울,2007-10-03,17.5,19.3
108,서울,2007-10-04,17.5,25
108,서울,2007-10-05,16.2,26.2
108,서울,2007-10-06,18.2,25.3
108,서울,2007-10-07,15.1,25.2
108,서울,2007-10-08,10.8,17.2
108,서울,2007-10-09,7.9,21.7
108,서울,2007-10-10,11.3,19.7
108,서울,2007-10-11,12.8,20
108,서울,2007-10-12,13.1,21.2
108,서울,2007-10-13,11.3,19.5
108,서울,2007-10-14,12.1,21.3
108,서울,2007-10-15,9.8,20.7
108,서울,2007-10-16,10.1,19.1
108,서울,2007-10-17,10.3,17.7
108,서울,2007-10-18,8.5,20.2
108,서울,2007-10-19,7.5,13.8
108,서울,2007-10-20,3.2,9.6
108,서울,2007-10-21,3.5,17.6
108,서울,2007-10-22,9.5,19.3
108,서울,2007-10-23,12.6,20.2
108,서울,2007-10-24,11.8,21.7
108,서울,2007-10-25,11.8,20.6
108,서울,2007-10-26,12.8,20.7
108,서울,2007-10-27,10.1,21.3
108,서울,2007-10-28,10.3,17.6
108,서울,2007-10-29,7.4,12.8
108,서울,2007-10-30,6.8,15.5
108,서울,2007-10-31,7,15.5
108,서울,2007-11-01,5.8,13.1
108,서울,2007-11-02,4.8,12.8
108,서울,2007-11-03,7.8,16
108,서울,2007-11-04,4,15.6
108,서울,2007-11-05,5.5,14
108,서울,2007-11-06,4.8,19
108,서울,2007-11-07,6.3,18.2
108,서울,2007-11-08,7.5,19.3
108,서울,2007-11-09,9.3,18.6
108,서울,2007-11-10,7,11.8
108,서울,2007-11-11,6.4,11.8
108,서울,2007-11-12,3.7,13.8
108,서울,2007-11-13,4.5,14
108,서울,2007-11-14,8.3,14.3
108,서울,2007-11-15,4.6,11.3
108,서울,2007-11-16,1.2,9.8
108,서울,2007-11-17,1.5,10.3
108,서울,2007-11-18,-4.6,3
108,서울,2007-11-19,-5.5,3.9
108,서울,2007-11-20,-2,3.5
108,서울,2007-11-21,-1.5,5.4
108,서울,2007-11-22,-2.7,7.6
108,서울,2007-11-23,4.4,9.8
108,서울,2007-11-24,4,10
108,서울,2007-11-25,1.7,12
108,서울,2007-11-26,.6,8.3
108,서울,2007-11-27,-1.2,5.5
108,서울,2007-11-28,-1.8,10.6
108,서울,2007-11-29,2,13.6
108,서울,2007-11-30,-1.3,6
108,서울,2007-12-01,-.8,8.1
108,서울,2007-12-02,.4,6.4
108,서울,2007-12-03,-2,6
108,서울,2007-12-04,-5.3,2.4
108,서울,2007-12-05,-5.8,1.7
108,서울,2007-12-06,-2,3.2
108,서울,2007-12-07,.2,3.7
108,서울,2007-12-08,-1.2,3
108,서울,2007-12-09,-3.4,5.5
108,서울,2007-12-10,-1.6,5
108,서울,2007-12-11,2.5,9.1
108,서울,2007-12-12,2.4,7
108,서울,2007-12-13,-2.5,3.5
108,서울,2007-12-14,-4,4
108,서울,2007-12-15,-1.8,4.6
108,서울,2007-12-16,-3.5,3.7
108,서울,2007-12-17,-.4,5.9
108,서울,2007-12-18,-1.2,4.4
108,서울,2007-12-19,-3,5
108,서울,2007-12-20,.5,7.6
108,서울,2007-12-21,-.8,7.4
108,서울,2007-12-22,1.5,10.6
108,서울,2007-12-23,-.4,7.4
108,서울,2007-12-24,-1.7,8.3
108,서울,2007-12-25,.3,10.1
108,서울,2007-12-26,3.5,13.8
108,서울,2007-12-27,3.2,9.1
108,서울,2007-12-28,3,6.8
108,서울,2007-12-29,-4.8,3
108,서울,2007-12-30,-7.4,-4.8
108,서울,2007-12-31,-7,-2.9
108,서울,2008-01-01,-8.5,-3.2
108,서울,2008-01-02,-7.4,.8
108,서울,2008-01-03,-3,6.6
108,서울,2008-01-04,-4,3.7
108,서울,2008-01-05,-2.4,6.1
108,서울,2008-01-06,.6,7.3
108,서울,2008-01-07,.4,6.4
108,서울,2008-01-08,-1.8,5.6
108,서울,2008-01-09,-1.3,3.7
108,서울,2008-01-10,-3.5,4.3
108,서울,2008-01-11,-1.7,2
108,서울,2008-01-12,-4.5,4.4
108,서울,2008-01-13,-8.5,-1.1
108,서울,2008-01-14,-5.1,1.5
108,서울,2008-01-15,-7.1,-.4
108,서울,2008-01-16,-9.5,-3
108,서울,2008-01-17,-11.1,-3.9
108,서울,2008-01-18,-8.6,-.7
108,서울,2008-01-19,-6.9,1.5
108,서울,2008-01-20,-1.6,5.3
108,서울,2008-01-21,-.7,3.8
108,서울,2008-01-22,-.3,1.5
108,서울,2008-01-23,-8.3,.8
108,서울,2008-01-24,-10.9,-3.7
108,서울,2008-01-25,-9.7,-1.6
108,서울,2008-01-26,-7,1.8
108,서울,2008-01-27,-5.8,4.4
108,서울,2008-01-28,-3.2,2.3
108,서울,2008-01-29,-2.9,3.5
108,서울,2008-01-30,-5,0
108,서울,2008-01-31,-6.9,-.5
108,서울,2008-02-01,-7.5,1.6
108,서울,2008-02-02,-5.2,3.1
108,서울,2008-02-03,-2.7,2.5
108,서울,2008-02-04,-5.1,1.2
108,서울,2008-02-05,-7.1,.7
108,서울,2008-02-06,-6.2,1.3
108,서울,2008-02-07,-7.9,.8
108,서울,2008-02-08,-7.5,1.5
108,서울,2008-02-09,-3.5,.7
108,서울,2008-02-10,-5.3,3.4
108,서울,2008-02-11,-4,4
108,서울,2008-02-12,-9.7,-3.3
108,서울,2008-02-13,-10.1,-1.1
108,서울,2008-02-14,-7,2.7
108,서울,2008-02-15,-6.2,.2
108,서울,2008-02-16,-7.4,1.2
108,서울,2008-02-17,-5.5,2.2
108,서울,2008-02-18,-5.8,4
108,서울,2008-02-19,-5.1,5.2
108,서울,2008-02-20,-.5,7.6
108,서울,2008-02-21,-1.2,9.6
108,서울,2008-02-22,1.2,10.5
108,서울,2008-02-23,-4.5,1.2
108,서울,2008-02-24,-7.2,4.4
108,서울,2008-02-25,-3.1,2.5
108,서울,2008-02-26,-2.5,1.2
108,서울,2008-02-27,-4.2,6.1
108,서울,2008-02-28,-2.3,8.4
108,서울,2008-02-29,1.7,9.8
108,서울,2008-03-01,-.5,7.8
108,서울,2008-03-02,.7,5.3
108,서울,2008-03-03,-.1,8
108,서울,2008-03-04,.5,3.9
108,서울,2008-03-05,-1.7,8
108,서울,2008-03-06,1.5,7.8
108,서울,2008-03-07,.1,9.6
108,서울,2008-03-08,.4,10.8
108,서울,2008-03-09,3,11.8
108,서울,2008-03-10,3.4,11.3
108,서울,2008-03-11,6.8,16.3
108,서울,2008-03-12,8,19.2
108,서울,2008-03-13,7.2,12
108,서울,2008-03-14,3.7,14.1
108,서울,2008-03-15,4.5,13.5
108,서울,2008-03-16,4,12
108,서울,2008-03-17,2.5,15.1
108,서울,2008-03-18,6,19.1
108,서울,2008-03-19,7.6,17.3
108,서울,2008-03-20,5.2,17.9
108,서울,2008-03-21,7.2,19.8
108,서울,2008-03-22,7.8,16.9
108,서울,2008-03-23,5,8.9
108,서울,2008-03-24,3.7,11.8
108,서울,2008-03-25,3,6
108,서울,2008-03-26,3.3,10.3
108,서울,2008-03-27,5,9.6
108,서울,2008-03-28,2.4,12.5
108,서울,2008-03-29,5,8.1
108,서울,2008-03-30,5,10.3
108,서울,2008-03-31,4.2,12.4
108,서울,2008-04-01,4.9,13.7
108,서울,2008-04-02,6.2,10.2
108,서울,2008-04-03,4.6,13.2
108,서울,2008-04-04,3.8,16.5
108,서울,2008-04-05,7.4,19.1
108,서울,2008-04-06,8.6,22.6
108,서울,2008-04-07,9.8,18.6
108,서울,2008-04-08,9.3,23.9
108,서울,2008-04-09,9.2,16.7
108,서울,2008-04-10,9.2,21.8
108,서울,2008-04-11,10.8,19.3
108,서울,2008-04-12,9.7,18.4
108,서울,2008-04-13,9.9,16.8
108,서울,2008-04-14,7.7,20.2
108,서울,2008-04-15,9.5,22.1
108,서울,2008-04-16,11.2,25.7
108,서울,2008-04-17,13.5,24.6
108,서울,2008-04-18,12.4,24.8
108,서울,2008-04-19,13.1,28
108,서울,2008-04-20,15,26.1
108,서울,2008-04-21,17.1,23.5
108,서울,2008-04-22,12.8,19.5
108,서울,2008-04-23,7.4,13.3
108,서울,2008-04-24,4.8,14.3
108,서울,2008-04-25,8.6,18.7
108,서울,2008-04-26,6.6,12.5
108,서울,2008-04-27,7.7,14.6
108,서울,2008-04-28,5.6,20
108,서울,2008-04-29,9.7,21.4
108,서울,2008-04-30,12.7,23.7
108,서울,2008-05-01,16.6,25
108,서울,2008-05-02,15.7,26.5
108,서울,2008-05-03,15.6,28.2
108,서울,2008-05-04,14.4,21.8
108,서울,2008-05-05,11.1,21.1
108,서울,2008-05-06,10.2,23.4
108,서울,2008-05-07,13.3,19
108,서울,2008-05-08,13.3,25.1
108,서울,2008-05-09,14.8,23.2
108,서울,2008-05-10,11.4,20.9
108,서울,2008-05-11,9.8,22.4
108,서울,2008-05-12,12.3,20.3
108,서울,2008-05-13,9.7,15.7
108,서울,2008-05-14,8.1,18
108,서울,2008-05-15,8.7,19.2
108,서울,2008-05-16,10,22.3
108,서울,2008-05-17,11.3,24.4
108,서울,2008-05-18,11.9,16.1
108,서울,2008-05-19,9.7,18.3
108,서울,2008-05-20,8.6,21.1
108,서울,2008-05-21,12.9,20.8
108,서울,2008-05-22,14.9,25.8
108,서울,2008-05-23,17.6,24.9
108,서울,2008-05-24,17.5,28.5
108,서울,2008-05-25,15.6,27
108,서울,2008-05-26,14.4,23.3
108,서울,2008-05-27,16.9,27.8
108,서울,2008-05-28,16.5,20.6
108,서울,2008-05-29,17,28.5
108,서울,2008-05-30,14.7,21.3
108,서울,2008-05-31,12.7,22.8
108,서울,2008-06-01,14.7,26.6
108,서울,2008-06-02,15,22.5
108,서울,2008-06-03,15.4,24.1
108,서울,2008-06-04,15.1,19.4
108,서울,2008-06-05,13.7,17
108,서울,2008-06-06,14.6,19.9
108,서울,2008-06-07,15.7,24.3
108,서울,2008-06-08,16,25.1
108,서울,2008-06-09,15.6,27
108,서울,2008-06-10,19.1,28.1
108,서울,2008-06-11,19.7,29.4
108,서울,2008-06-12,18.7,29
108,서울,2008-06-13,17.4,27.6
108,서울,2008-06-14,19.2,28.9
108,서울,2008-06-15,18.7,27.4
108,서울,2008-06-16,16.2,28.6
108,서울,2008-06-17,17.8,25.7
108,서울,2008-06-18,17.4,22
108,서울,2008-06-19,17.5,24.1
108,서울,2008-06-20,18.5,29.6
108,서울,2008-06-21,22,28.2
108,서울,2008-06-22,17.7,27.4
108,서울,2008-06-23,18,27.1
108,서울,2008-06-24,19.2,27.6
108,서울,2008-06-25,19.4,28.6
108,서울,2008-06-26,19.6,28.8
108,서울,2008-06-27,19.8,28.7
108,서울,2008-06-28,20.1,25.4
108,서울,2008-06-29,18.5,27.4
108,서울,2008-06-30,18.6,27.3
108,서울,2008-07-01,20.2,29.3
108,서울,2008-07-02,21.1,24.5
108,서울,2008-07-03,20.5,25.1
108,서울,2008-07-04,21.8,27.2
108,서울,2008-07-05,22,28
108,서울,2008-07-06,23.9,28.4
108,서울,2008-07-07,22.5,27.5
108,서울,2008-07-08,23.8,32.8
108,서울,2008-07-09,22.8,32.9
108,서울,2008-07-10,23.2,30.5
108,서울,2008-07-11,23.7,30
108,서울,2008-07-12,22,27.7
108,서울,2008-07-13,22.9,29.7
108,서울,2008-07-14,22.6,31.7
108,서울,2008-07-15,25.6,31.2
108,서울,2008-07-16,22.3,27.2
108,서울,2008-07-17,21.2,30.3
108,서울,2008-07-18,22.8,30.1
108,서울,2008-07-19,22.8,25.7
108,서울,2008-07-20,23,28.4
108,서울,2008-07-21,21.4,24.1
108,서울,2008-07-22,22.3,28.4
108,서울,2008-07-23,21.8,26.5
108,서울,2008-07-24,20.8,25
108,서울,2008-07-25,22,25.9
108,서울,2008-07-26,20.7,23.8
108,서울,2008-07-27,22.1,28.3
108,서울,2008-07-28,23.9,31.2
108,서울,2008-07-29,24.7,32.3
108,서울,2008-07-30,24.8,28.3
108,서울,2008-07-31,24.1,29.5
108,서울,2008-08-01,25.6,31.2
108,서울,2008-08-02,25,28.4
108,서울,2008-08-03,22.2,29.8
108,서울,2008-08-04,21,31.4
108,서울,2008-08-05,21.8,30.7
108,서울,2008-08-06,22.4,32.9
108,서울,2008-08-07,24.2,33.4
108,서울,2008-08-08,25.2,35.4
108,서울,2008-08-09,25.6,32.6
108,서울,2008-08-10,25.3,34.5
108,서울,2008-08-11,26,32.4
108,서울,2008-08-12,23.1,28.9
108,서울,2008-08-13,23.7,31.5
108,서울,2008-08-14,24.9,31.5
108,서울,2008-08-15,21.9,29.6
108,서울,2008-08-16,19.9,23.5
108,서울,2008-08-17,20.8,27.4
108,서울,2008-08-18,20.3,25
108,서울,2008-08-19,21.8,27.6
108,서울,2008-08-20,20.3,27.4
108,서울,2008-08-21,18.6,28.6
108,서울,2008-08-22,16.3,22.2
108,서울,2008-08-23,18.2,25.3
108,서울,2008-08-24,18.7,28.2
108,서울,2008-08-25,21,28.4
108,서울,2008-08-26,20.9,28.4
108,서울,2008-08-27,18.6,28.2
108,서울,2008-08-28,19.6,29.4
108,서울,2008-08-29,20.2,30.6
108,서울,2008-08-30,21.3,30.9
108,서울,2008-08-31,21.1,29
108,서울,2008-09-01,17.7,23.5
108,서울,2008-09-02,17.6,26.9
108,서울,2008-09-03,18.3,28.5
108,서울,2008-09-04,20.4,28.4
108,서울,2008-09-05,21.2,24.7
108,서울,2008-09-06,18.9,30.2
108,서울,2008-09-07,19.8,30.6
108,서울,2008-09-08,21.3,31.1
108,서울,2008-09-09,20.8,29.7
108,서울,2008-09-10,20.1,29.7
108,서울,2008-09-11,19.9,23.8
108,서울,2008-09-12,20.8,29.2
108,서울,2008-09-13,17.7,29.5
108,서울,2008-09-14,19.8,30.2
108,서울,2008-09-15,21.6,29.9
108,서울,2008-09-16,18.6,30.8
108,서울,2008-09-17,19.2,32
108,서울,2008-09-18,20.4,31.9
108,서울,2008-09-19,20,31.4
108,서울,2008-09-20,19.2,24.7
108,서울,2008-09-21,17.6,29.7
108,서울,2008-09-22,19.7,25
108,서울,2008-09-23,19.8,24.9
108,서울,2008-09-24,20.1,23.8
108,서울,2008-09-25,12.2,20.5
108,서울,2008-09-26,11.5,18.4
108,서울,2008-09-27,10.3,20.1
108,서울,2008-09-28,12,20.2
108,서울,2008-09-29,11.6,23.8
108,서울,2008-09-30,12.7,23.2
108,서울,2008-10-01,13.6,25.8
108,서울,2008-10-02,15.1,26
108,서울,2008-10-03,15.9,24.4
108,서울,2008-10-04,17.2,24.3
108,서울,2008-10-05,17,25.7
108,서울,2008-10-06,15.6,23.1
108,서울,2008-10-07,14.2,21.4
108,서울,2008-10-08,14.3,22.2
108,서울,2008-10-09,13.3,24.6
108,서울,2008-10-10,12.6,22.2
108,서울,2008-10-11,10.9,20
108,서울,2008-10-12,8.9,20.6
108,서울,2008-10-13,9.7,21.3
108,서울,2008-10-14,11.1,22.3
108,서울,2008-10-15,12.7,20.9
108,서울,2008-10-16,13.4,23.3
108,서울,2008-10-17,14,25.1
108,서울,2008-10-18,13.7,28.3
108,서울,2008-10-19,14.8,23.1
108,서울,2008-10-20,13.5,25.5
108,서울,2008-10-21,14.6,22.9
108,서울,2008-10-22,14.7,20.5
108,서울,2008-10-23,13.2,20.1
108,서울,2008-10-24,8.7,14.1
108,서울,2008-10-25,7.2,14.3
108,서울,2008-10-26,9.3,15
108,서울,2008-10-27,7.3,14.3
108,서울,2008-10-28,5.6,15.8
108,서울,2008-10-29,8.7,16.2
108,서울,2008-10-30,6.5,15.7
108,서울,2008-10-31,8.9,13.5
108,서울,2008-11-01,5.9,15
108,서울,2008-11-02,9.8,15.2
108,서울,2008-11-03,7.2,15.4
108,서울,2008-11-04,3.9,14.1
108,서울,2008-11-05,4.6,16.1
108,서울,2008-11-06,12.5,18.4
108,서울,2008-11-07,8.9,15.9
108,서울,2008-11-08,6.5,18
108,서울,2008-11-09,7.4,12
108,서울,2008-11-10,5.8,14.9
108,서울,2008-11-11,6.7,15.6
108,서울,2008-11-12,5.1,15.6
108,서울,2008-11-13,5.3,16
108,서울,2008-11-14,6.8,15.2
108,서울,2008-11-15,9.7,12.6
108,서울,2008-11-16,4,11.5
108,서울,2008-11-17,-2.6,8.1
108,서울,2008-11-18,-5.5,.4
108,서울,2008-11-19,-7.2,-.7
108,서울,2008-11-20,-5.3,7.2
108,서울,2008-11-21,1.7,7.2
108,서울,2008-11-22,-.2,9.5
108,서울,2008-11-23,2.5,11.8
108,서울,2008-11-24,5.8,12.6
108,서울,2008-11-25,4.8,9.2
108,서울,2008-11-26,3.5,10.6
108,서울,2008-11-27,4.6,8.8
108,서울,2008-11-28,3.5,9.3
108,서울,2008-11-29,.7,7.3
108,서울,2008-11-30,-1.4,7.8
108,서울,2008-12-01,4.6,10.5
108,서울,2008-12-02,3.9,12
108,서울,2008-12-03,.7,12.8
108,서울,2008-12-04,-.7,8.9
108,서울,2008-12-05,-11.9,-.7
108,서울,2008-12-06,-13.1,-4.9
108,서울,2008-12-07,-8,1.2
108,서울,2008-12-08,.6,9.4
108,서울,2008-12-09,4.4,12.1
108,서울,2008-12-10,6.6,13.3
108,서울,2008-12-11,1.7,8.2
108,서울,2008-12-12,1.1,8.5
108,서울,2008-12-13,-2.8,4.6
108,서울,2008-12-14,-5,3.3
108,서울,2008-12-15,-.8,6.5
108,서울,2008-12-16,-1,7.7
108,서울,2008-12-17,1.5,9.3
108,서울,2008-12-18,-2.8,3.7
108,서울,2008-12-19,-3.8,5.2
108,서울,2008-12-20,-1.4,5.2
108,서울,2008-12-21,-2.8,4.3
108,서울,2008-12-22,-8.1,-2.7
108,서울,2008-12-23,-4.7,3.2
108,서울,2008-12-24,-.6,5.9
108,서울,2008-12-25,-5.4,3.6
108,서울,2008-12-26,-8.5,-2.4
108,서울,2008-12-27,-7.6,1.1
108,서울,2008-12-28,-3.1,4.6
108,서울,2008-12-29,-.2,2.4
108,서울,2008-12-30,-7.3,.3
108,서울,2008-12-31,-8,-2.9
108,서울,2009-01-01,-9.5,-2.5
108,서울,2009-01-02,-6.9,1.2
108,서울,2009-01-03,-5.6,4
108,서울,2009-01-04,-2.8,4.5
108,서울,2009-01-05,-3.4,1.2
108,서울,2009-01-06,-5.4,1.4
108,서울,2009-01-07,-4.2,4.2
108,서울,2009-01-08,-4,2.5
108,서울,2009-01-09,-6.8,-.5
108,서울,2009-01-10,-9.9,-4.3
108,서울,2009-01-11,-9.6,-4.2
108,서울,2009-01-12,-11,-3.2
108,서울,2009-01-13,-9,-1.5
108,서울,2009-01-14,-9.4,-3.2
108,서울,2009-01-15,-11.2,-2
108,서울,2009-01-16,-4.8,.4
108,서울,2009-01-17,-5.9,3.1
108,서울,2009-01-18,.1,6.1
108,서울,2009-01-19,-2.7,4.7
108,서울,2009-01-20,-2.4,7.2
108,서울,2009-01-21,1,5.9
108,서울,2009-01-22,-2,9.3
108,서울,2009-01-23,-11,-2
108,서울,2009-01-24,-11.4,-5.1
108,서울,2009-01-25,-9.3,1
108,서울,2009-01-26,-5.3,-.2
108,서울,2009-01-27,-6.8,3.9
108,서울,2009-01-28,-3,7.8
108,서울,2009-01-29,-1.2,8.3
108,서울,2009-01-30,.7,12.2
108,서울,2009-01-31,3.4,11.7
108,서울,2009-02-01,1.6,10.5
108,서울,2009-02-02,2.1,8
108,서울,2009-02-03,2.9,11.1
108,서울,2009-02-04,1.5,8.9
108,서울,2009-02-05,3.2,6
108,서울,2009-02-06,.6,6.8
108,서울,2009-02-07,.4,5
108,서울,2009-02-08,-2.2,8.2
108,서울,2009-02-09,2.6,8.1
108,서울,2009-02-10,2,6.5
108,서울,2009-02-11,3.2,9.2
108,서울,2009-02-12,1.8,10.6
108,서울,2009-02-13,4.3,16.1
108,서울,2009-02-14,2.1,5.3
108,서울,2009-02-15,-6.4,2.4
108,서울,2009-02-16,-8.6,-2.3
108,서울,2009-02-17,-8.6,-.5
108,서울,2009-02-18,-6,1.4
108,서울,2009-02-19,-1.8,3.9
108,서울,2009-02-20,-6.8,-.1
108,서울,2009-02-21,-7.8,2.7
108,서울,2009-02-22,.1,7
108,서울,2009-02-23,-.2,11.9
108,서울,2009-02-24,6.2,10.2
108,서울,2009-02-25,-.8,6.4
108,서울,2009-02-26,-2.5,7.3
108,서울,2009-02-27,-1,8.6
108,서울,2009-02-28,.9,10.2
108,서울,2009-03-01,-1.6,8.6
108,서울,2009-03-02,-2.8,8.6
108,서울,2009-03-03,.6,5.1
108,서울,2009-03-04,-.3,8.9
108,서울,2009-03-05,3.2,7.6
108,서울,2009-03-06,-1.9,4
108,서울,2009-03-07,-3,6.4
108,서울,2009-03-08,-.2,11.1
108,서울,2009-03-09,2.7,11.1
108,서울,2009-03-10,-.5,8.6
108,서울,2009-03-11,.3,9.9
108,서울,2009-03-12,2.9,13.5
108,서울,2009-03-13,-3,6.3
108,서울,2009-03-14,-3.3,4.3
108,서울,2009-03-15,-1.3,8.8
108,서울,2009-03-16,5.8,13.1
108,서울,2009-03-17,4.7,18.8
108,서울,2009-03-18,14,18.8
108,서울,2009-03-19,9.9,17.3
108,서울,2009-03-20,6.3,19.3
108,서울,2009-03-21,8.5,22.2
108,서울,2009-03-22,4.6,13.5
108,서울,2009-03-23,.5,9.6
108,서울,2009-03-24,-.1,5.5
108,서울,2009-03-25,-2,5.5
108,서울,2009-03-26,2.1,9.2
108,서울,2009-03-27,.1,8.4
108,서울,2009-03-28,.2,10.1
108,서울,2009-03-29,.6,12.1
108,서울,2009-03-30,3.9,11.2
108,서울,2009-03-31,3.5,9.9
108,서울,2009-04-01,2.2,10
108,서울,2009-04-02,2.6,14.2
108,서울,2009-04-03,5.3,12.8
108,서울,2009-04-04,6,12.7
108,서울,2009-04-05,5.7,15.8
108,서울,2009-04-06,5.4,17
108,서울,2009-04-07,7.8,21.3
108,서울,2009-04-08,9.8,23.9
108,서울,2009-04-09,10.9,24.9
108,서울,2009-04-10,11.8,23.6
108,서울,2009-04-11,11.8,25.3
108,서울,2009-04-12,13,21.2
108,서울,2009-04-13,12.6,20.6
108,서울,2009-04-14,13.2,21.1
108,서울,2009-04-15,7.9,14.1
108,서울,2009-04-16,5.7,15.4
108,서울,2009-04-17,6,17.9
108,서울,2009-04-18,7.6,20.6
108,서울,2009-04-19,10.7,25.8
108,서울,2009-04-20,11.4,17.2
108,서울,2009-04-21,8.5,11.4
108,서울,2009-04-22,7.7,13
108,서울,2009-04-23,5.8,17.9
108,서울,2009-04-24,11.5,17.4
108,서울,2009-04-25,6.1,11.8
108,서울,2009-04-26,4.9,12.2
108,서울,2009-04-27,6.3,17
108,서울,2009-04-28,7.2,20.2
108,서울,2009-04-29,8.6,22.5
108,서울,2009-04-30,9.8,20.8
108,서울,2009-05-01,10.9,22.4
108,서울,2009-05-02,14.2,18
108,서울,2009-05-03,12.7,22.8
108,서울,2009-05-04,10,21.5
108,서울,2009-05-05,9.8,26.3
108,서울,2009-05-06,15.3,29.2
108,서울,2009-05-07,15.5,27.5
108,서울,2009-05-08,15.6,27.4
108,서울,2009-05-09,16.4,27
108,서울,2009-05-10,16,25.9
108,서울,2009-05-11,15.8,20
108,서울,2009-05-12,15.1,23.9
108,서울,2009-05-13,13.7,22.4
108,서울,2009-05-14,12,25.2
108,서울,2009-05-15,15.3,22.1
108,서울,2009-05-16,13,15.5
108,서울,2009-05-17,12.1,17.4
108,서울,2009-05-18,9.9,22.6
108,서울,2009-05-19,13.7,24.5
108,서울,2009-05-20,15.1,27.3
108,서울,2009-05-21,15.1,19.4
108,서울,2009-05-22,14.9,22.5
108,서울,2009-05-23,14.5,19.6
108,서울,2009-05-24,14.8,25
108,서울,2009-05-25,15.3,29.6
108,서울,2009-05-26,18.2,29
108,서울,2009-05-27,18.7,29.7
108,서울,2009-05-28,17.2,31
108,서울,2009-05-29,18.4,27.9
108,서울,2009-05-30,18,25.4
108,서울,2009-05-31,15.8,24.7
108,서울,2009-06-01,14.3,28.1
108,서울,2009-06-02,18.8,26.2
108,서울,2009-06-03,17.9,22.2
108,서울,2009-06-04,17.7,25.9
108,서울,2009-06-05,16,28.2
108,서울,2009-06-06,18.2,27.6
108,서울,2009-06-07,17.4,21.8
108,서울,2009-06-08,14.9,25.7
108,서울,2009-06-09,16.8,21.8
108,서울,2009-06-10,16.9,22.2
108,서울,2009-06-11,15.9,25.7
108,서울,2009-06-12,14.5,24.4
108,서울,2009-06-13,15.9,24.6
108,서울,2009-06-14,18.4,23.5
108,서울,2009-06-15,17.7,26.3
108,서울,2009-06-16,17.5,26.6
108,서울,2009-06-17,19.6,23.1
108,서울,2009-06-18,18.2,31.5
108,서울,2009-06-19,22.1,28.5
108,서울,2009-06-20,22,24.7
108,서울,2009-06-21,21.9,30.2
108,서울,2009-06-22,20.6,26.5
108,서울,2009-06-23,19.1,27.9
108,서울,2009-06-24,19.7,30
108,서울,2009-06-25,20.7,29.8
108,서울,2009-06-26,20.9,29.4
108,서울,2009-06-27,20.8,32.4
108,서울,2009-06-28,23.4,29.6
108,서울,2009-06-29,22.5,31.1
108,서울,2009-06-30,22.2,26.6
108,서울,2009-07-01,20.7,27.4
108,서울,2009-07-02,18.7,22.3
108,서울,2009-07-03,19.3,27
108,서울,2009-07-04,19.8,26.9
108,서울,2009-07-05,19.9,30
108,서울,2009-07-06,22,29
108,서울,2009-07-07,22.1,28.1
108,서울,2009-07-08,22.5,30.3
108,서울,2009-07-09,19.4,25.8
108,서울,2009-07-10,18.7,29.7
108,서울,2009-07-11,20.7,29.2
108,서울,2009-07-12,18.8,24
108,서울,2009-07-13,19.9,27.7
108,서울,2009-07-14,20,25.6
108,서울,2009-07-15,19.9,25.9
108,서울,2009-07-16,21.3,32.4
108,서울,2009-07-17,22.9,26.6
108,서울,2009-07-18,21.1,27.3
108,서울,2009-07-19,20.7,29.9
108,서울,2009-07-20,22.5,28.5
108,서울,2009-07-21,23.2,29.1
108,서울,2009-07-22,21.2,30
108,서울,2009-07-23,21.9,29.9
108,서울,2009-07-24,21.2,30.1
108,서울,2009-07-25,19.3,26
108,서울,2009-07-26,20.5,29.1
108,서울,2009-07-27,22.1,27.7
108,서울,2009-07-28,22.7,26.4
108,서울,2009-07-29,21.5,30.4
108,서울,2009-07-30,22.6,30.6
108,서울,2009-07-31,24.1,30.4
108,서울,2009-08-01,23.3,28.9
108,서울,2009-08-02,23,29.6
108,서울,2009-08-03,23.9,27.5
108,서울,2009-08-04,23,31.2
108,서울,2009-08-05,23,32.3
108,서울,2009-08-06,23.8,30.7
108,서울,2009-08-07,23.1,28.5
108,서울,2009-08-08,24.7,28.9
108,서울,2009-08-09,24.9,33.6
108,서울,2009-08-10,23.7,32
108,서울,2009-08-11,22.4,27.1
108,서울,2009-08-12,22.4,25.9
108,서울,2009-08-13,21.9,30.9
108,서울,2009-08-14,23.3,33.4
108,서울,2009-08-15,22.8,33
108,서울,2009-08-16,24.7,34.4
108,서울,2009-08-17,24,30.9
108,서울,2009-08-18,25.5,30.9
108,서울,2009-08-19,25.1,31.8
108,서울,2009-08-20,22.7,29.4
108,서울,2009-08-21,20.4,29.6
108,서울,2009-08-22,23.1,28.2
108,서울,2009-08-23,21.4,30.9
108,서울,2009-08-24,21.9,29.4
108,서울,2009-08-25,21.7,27.6
108,서울,2009-08-26,22.1,26.3
108,서울,2009-08-27,21.9,25.7
108,서울,2009-08-28,19.8,28.6
108,서울,2009-08-29,17.9,26.7
108,서울,2009-08-30,18.1,23.3
108,서울,2009-08-31,16.4,28.3
108,서울,2009-09-01,18.7,28.6
108,서울,2009-09-02,18.7,28.6
108,서울,2009-09-03,18.9,28.6
108,서울,2009-09-04,18.8,29.3
108,서울,2009-09-05,20.9,29.9
108,서울,2009-09-06,21.8,29.9
108,서울,2009-09-07,22.6,24.9
108,서울,2009-09-08,19.3,28.4
108,서울,2009-09-09,19.1,27.2
108,서울,2009-09-10,17.3,27.4
108,서울,2009-09-11,17.2,25.3
108,서울,2009-09-12,16.6,23.9
108,서울,2009-09-13,15.3,25.9
108,서울,2009-09-14,17.5,22.8
108,서울,2009-09-15,16.9,25.1
108,서울,2009-09-16,16.6,25.8
108,서울,2009-09-17,16.2,26.1
108,서울,2009-09-18,17.4,28.5
108,서울,2009-09-19,17.6,26.4
108,서울,2009-09-20,16.5,25.5
108,서울,2009-09-21,16.8,21.6
108,서울,2009-09-22,14.4,25.2
108,서울,2009-09-23,15.5,26.1
108,서울,2009-09-24,15,25.5
108,서울,2009-09-25,17.4,23.6
108,서울,2009-09-26,15.4,26.8
108,서울,2009-09-27,19.1,22.5
108,서울,2009-09-28,17.5,25.3
108,서울,2009-09-29,17.5,27.1
108,서울,2009-09-30,18,28.1
108,서울,2009-10-01,17.9,26.4
108,서울,2009-10-02,15.6,24.1
108,서울,2009-10-03,12.6,22.8
108,서울,2009-10-04,12.2,21.9
108,서울,2009-10-05,11.7,23.3
108,서울,2009-10-06,14.3,24.7
108,서울,2009-10-07,13.7,23.7
108,서울,2009-10-08,11.5,21.5
108,서울,2009-10-09,11.5,20.6
108,서울,2009-10-10,10.9,21.3
108,서울,2009-10-11,11.4,21.7
108,서울,2009-10-12,11.8,19.8
108,서울,2009-10-13,11.1,19.2
108,서울,2009-10-14,10.8,20.1
108,서울,2009-10-15,10.4,21.6
108,서울,2009-10-16,12.1,21.5
108,서울,2009-10-17,11.2,17.5
108,서울,2009-10-18,9.8,18.7
108,서울,2009-10-19,9,14.9
108,서울,2009-10-20,6.2,15.6
108,서울,2009-10-21,9.8,18.5
108,서울,2009-10-22,7.2,18.8
108,서울,2009-10-23,10.6,19.9
108,서울,2009-10-24,13.2,20.7
108,서울,2009-10-25,13,20.6
108,서울,2009-10-26,11.5,21.2
108,서울,2009-10-27,12.9,20.1
108,서울,2009-10-28,10.5,20
108,서울,2009-10-29,11.3,22.8
108,서울,2009-10-30,15.1,24
108,서울,2009-10-31,13.3,19.1
108,서울,2009-11-01,5.2,13.4
108,서울,2009-11-02,-2.3,5.2
108,서울,2009-11-03,-2.8,6.1
108,서울,2009-11-04,4.3,16.3
108,서울,2009-11-05,11.4,17.9
108,서울,2009-11-06,10.4,19.7
108,서울,2009-11-07,12.8,20
108,서울,2009-11-08,15.3,19.8
108,서울,2009-11-09,14.3,21.8
108,서울,2009-11-10,9.7,14.7
108,서울,2009-11-11,6.4,13.9
108,서울,2009-11-12,6,12.4
108,서울,2009-11-13,8.2,10.3
108,서울,2009-11-14,.7,8.8
108,서울,2009-11-15,-2.9,1.9
108,서울,2009-11-16,-4.2,1
108,서울,2009-11-17,-2.9,1.9
108,서울,2009-11-18,-4.3,3.1
108,서울,2009-11-19,-.7,5.9
108,서울,2009-11-20,-2,4.8
108,서울,2009-11-21,-3.4,3.8
108,서울,2009-11-22,-1,6.8
108,서울,2009-11-23,4.1,12.3
108,서울,2009-11-24,4.8,13.5
108,서울,2009-11-25,4.4,7.5
108,서울,2009-11-26,3.4,13.2
108,서울,2009-11-27,4,8.5
108,서울,2009-11-28,3.4,9.1
108,서울,2009-11-29,5.6,7.5
108,서울,2009-11-30,4.5,9.6
108,서울,2009-12-01,3.3,10.1
108,서울,2009-12-02,3.1,8
108,서울,2009-12-03,3.5,5.9
108,서울,2009-12-04,.8,8.1
108,서울,2009-12-05,-4.6,5.6
108,서울,2009-12-06,-6.3,-.3
108,서울,2009-12-07,-5.3,5.1
108,서울,2009-12-08,-1.4,3.8
108,서울,2009-12-09,.9,8.6
108,서울,2009-12-10,6.7,8.5
108,서울,2009-12-11,6.6,8.8
108,서울,2009-12-12,2.4,7.8
108,서울,2009-12-13,-.4,6.2
108,서울,2009-12-14,-2.6,3.6
108,서울,2009-12-15,-7.5,-1.5
108,서울,2009-12-16,-9.2,-3
108,서울,2009-12-17,-10.2,-3.2
108,서울,2009-12-18,-12,-5.7
108,서울,2009-12-19,-10.8,-4.3
108,서울,2009-12-20,-8.8,-.9
108,서울,2009-12-21,-8.5,.5
108,서울,2009-12-22,-2.4,7.8
108,서울,2009-12-23,1.5,7.7
108,서울,2009-12-24,-1,6.7
108,서울,2009-12-25,-4.6,4
108,서울,2009-12-26,-11,-4.6
108,서울,2009-12-27,-9.9,-5.5
108,서울,2009-12-28,-10.8,-5.4
108,서울,2009-12-29,-9.9,1.6
108,서울,2009-12-30,-9.5,1.8
108,서울,2009-12-31,-12.9,-8.3
108,서울,2010-01-01,-12.7,-3.6
108,서울,2010-01-02,-7.4,.2
108,서울,2010-01-03,-10.5,-3.2
108,서울,2010-01-04,-8,-3.4
108,서울,2010-01-05,-12.3,-7
108,서울,2010-01-06,-13.3,-8.1
108,서울,2010-01-07,-13.6,-5.5
108,서울,2010-01-08,-11.8,-3.3
108,서울,2010-01-09,-8.7,-1.9
108,서울,2010-01-10,-5.3,-.3
108,서울,2010-01-11,-8.3,-1.3
108,서울,2010-01-12,-12.9,-7.3
108,서울,2010-01-13,-15.3,-10.7
108,서울,2010-01-14,-14.4,-4.1
108,서울,2010-01-15,-7.5,-.6
108,서울,2010-01-16,-10.1,-2.1
108,서울,2010-01-17,-9,1.4
108,서울,2010-01-18,-3.9,1.9
108,서울,2010-01-19,-1.6,6.8
108,서울,2010-01-20,2.4,8.4
108,서울,2010-01-21,-8,2.4
108,서울,2010-01-22,-9.6,-3.4
108,서울,2010-01-23,-9.1,-.9
108,서울,2010-01-24,-4.5,3.8
108,서울,2010-01-25,-8.5,2.6
108,서울,2010-01-26,-9.5,1.1
108,서울,2010-01-27,-4,3.1
108,서울,2010-01-28,-5,2.7
108,서울,2010-01-29,-7.3,1.4
108,서울,2010-01-30,-1.7,5
108,서울,2010-01-31,-.5,4.3
108,서울,2010-02-01,-2.6,5.1
108,서울,2010-02-02,-9.1,-2.6
108,서울,2010-02-03,-10.8,-5
108,서울,2010-02-04,-8.3,-.6
108,서울,2010-02-05,-7.9,-1.9
108,서울,2010-02-06,-9.6,.9
108,서울,2010-02-07,-6.3,5.6
108,서울,2010-02-08,3,5.7
108,서울,2010-02-09,2.9,4.4
108,서울,2010-02-10,3.1,5
108,서울,2010-02-11,-.8,3.5
108,서울,2010-02-12,-1.8,1.1
108,서울,2010-02-13,-3.3,-.3
108,서울,2010-02-14,-5,1.2
108,서울,2010-02-15,-6,-.3
108,서울,2010-02-16,-8,-.4
108,서울,2010-02-17,-7.2,.3
108,서울,2010-02-18,-4.4,-1
108,서울,2010-02-19,-4.7,2.5
108,서울,2010-02-20,-1.6,8.1
108,서울,2010-02-21,0,9.6
108,서울,2010-02-22,3.5,11
108,서울,2010-02-23,1.6,16.2
108,서울,2010-02-24,5.5,17.9
108,서울,2010-02-25,9.8,14.8
108,서울,2010-02-26,9,17.2
108,서울,2010-02-27,6,11
108,서울,2010-02-28,5.4,9.1
108,서울,2010-03-01,1.1,6.3
108,서울,2010-03-02,.6,4.8
108,서울,2010-03-03,-1.5,10.2
108,서울,2010-03-04,4.5,6.3
108,서울,2010-03-05,3.9,9.5
108,서울,2010-03-06,2,10.7
108,서울,2010-03-07,2.6,7.8
108,서울,2010-03-08,1,7.7
108,서울,2010-03-09,-3.9,5.7
108,서울,2010-03-10,-4,.5
108,서울,2010-03-11,-2.7,6
108,서울,2010-03-12,.9,10
108,서울,2010-03-13,-1.9,7.9
108,서울,2010-03-14,1.2,12.6
108,서울,2010-03-15,2.8,11.1
108,서울,2010-03-16,-1,3.9
108,서울,2010-03-17,-1.9,3.1
108,서울,2010-03-18,-2.8,4.6
108,서울,2010-03-19,-1.7,8.9
108,서울,2010-03-20,1.1,11.3
108,서울,2010-03-21,-.7,7.1
108,서울,2010-03-22,-.1,5
108,서울,2010-03-23,.7,10.3
108,서울,2010-03-24,4.3,13.8
108,서울,2010-03-25,-.1,9.5
108,서울,2010-03-26,-2.9,4.7
108,서울,2010-03-27,4,7.2
108,서울,2010-03-28,-.1,9.2
108,서울,2010-03-29,.6,11.3
108,서울,2010-03-30,3.3,14.2
108,서울,2010-03-31,5.9,8.7
108,서울,2010-04-01,3.6,9.9
108,서울,2010-04-02,1.3,10.3
108,서울,2010-04-03,1.1,9.5
108,서울,2010-04-04,2.3,14.5
108,서울,2010-04-05,4.8,14.8
108,서울,2010-04-06,4.8,11.7
108,서울,2010-04-07,2.3,12.6
108,서울,2010-04-08,3.3,15.5
108,서울,2010-04-09,5.4,17.4
108,서울,2010-04-10,8.8,13.5
108,서울,2010-04-11,6.7,19.9
108,서울,2010-04-12,9.6,18.5
108,서울,2010-04-13,2.4,9.6
108,서울,2010-04-14,1.2,6.4
108,서울,2010-04-15,1.6,12.6
108,서울,2010-04-16,4,13.6
108,서울,2010-04-17,4,12
108,서울,2010-04-18,6.2,17
108,서울,2010-04-19,12.7,17.4
108,서울,2010-04-20,13.3,20.7
108,서울,2010-04-21,10.7,18.5
108,서울,2010-04-22,9.1,12.7
108,서울,2010-04-23,6.6,14.3
108,서울,2010-04-24,5.4,16.8
108,서울,2010-04-25,6.9,19.4
108,서울,2010-04-26,10.2,17.8
108,서울,2010-04-27,5.1,10.9
108,서울,2010-04-28,3.3,7.8
108,서울,2010-04-29,3.4,12.4
108,서울,2010-04-30,7,13.2
108,서울,2010-05-01,5.8,17.5
108,서울,2010-05-02,9.9,23.3
108,서울,2010-05-03,16.5,19.5
108,서울,2010-05-04,18.2,25.3
108,서울,2010-05-05,15.4,25.2
108,서울,2010-05-06,10.4,19.8
108,서울,2010-05-07,9.6,20.6
108,서울,2010-05-08,12.1,23
108,서울,2010-05-09,13.4,25.2
108,서울,2010-05-10,12.7,20.9
108,서울,2010-05-11,10.5,17
108,서울,2010-05-12,8.7,19.6
108,서울,2010-05-13,10.2,21.9
108,서울,2010-05-14,12.1,23.7
108,서울,2010-05-15,12.9,21.9
108,서울,2010-05-16,12.6,25.1
108,서울,2010-05-17,14.4,27
108,서울,2010-05-18,15,19.4
108,서울,2010-05-19,14.5,20.9
108,서울,2010-05-20,13.6,25.4
108,서울,2010-05-21,14.9,28.6
108,서울,2010-05-22,15.7,25.5
108,서울,2010-05-23,14.6,18.1
108,서울,2010-05-24,12.2,15.8
108,서울,2010-05-25,12.1,18.8
108,서울,2010-05-26,14,21.7
108,서울,2010-05-27,11.5,24
108,서울,2010-05-28,14.5,20.4
108,서울,2010-05-29,14.6,23.3
108,서울,2010-05-30,15,23.4
108,서울,2010-05-31,14.3,20
108,서울,2010-06-01,12.1,26.2
108,서울,2010-06-02,14.8,26.6
108,서울,2010-06-03,16.2,26.5
108,서울,2010-06-04,16.6,27.9
108,서울,2010-06-05,17.9,28.4
108,서울,2010-06-06,19,30.9
108,서울,2010-06-07,20.9,31.4
108,서울,2010-06-08,19.3,31.8
108,서울,2010-06-09,20.5,30.6
108,서울,2010-06-10,21.7,32.7
108,서울,2010-06-11,21.6,31.2
108,서울,2010-06-12,16.9,22
108,서울,2010-06-13,17.5,27.2
108,서울,2010-06-14,20,26.4
108,서울,2010-06-15,20.7,29.7
108,서울,2010-06-16,20.2,25.6
108,서울,2010-06-17,20.9,27.6
108,서울,2010-06-18,22.8,31.1
108,서울,2010-06-19,21.5,25.8
108,서울,2010-06-20,20.8,27
108,서울,2010-06-21,18.1,27.8
108,서울,2010-06-22,18.4,25.2
108,서울,2010-06-23,16.7,28.6
108,서울,2010-06-24,18.5,30.8
108,서울,2010-06-25,20.3,32.5
108,서울,2010-06-26,21.4,27.2
108,서울,2010-06-27,20.9,23.3
108,서울,2010-06-28,19.7,30.5
108,서울,2010-06-29,21.4,27.2
108,서울,2010-06-30,20.6,24.8
108,서울,2010-07-01,21.9,30.7
108,서울,2010-07-02,23.8,25.9
108,서울,2010-07-03,22.5,25.7
108,서울,2010-07-04,23.4,29.9
108,서울,2010-07-05,23.1,30.8
108,서울,2010-07-06,21.7,31.6
108,서울,2010-07-07,22.4,29.6
108,서울,2010-07-08,21.9,29.6
108,서울,2010-07-09,21.2,29.8
108,서울,2010-07-10,21.7,29.2
108,서울,2010-07-11,22.2,26.5
108,서울,2010-07-12,21,28.6
108,서울,2010-07-13,22,31.3
108,서울,2010-07-14,21.8,27.7
108,서울,2010-07-15,22.7,30
108,서울,2010-07-16,21.6,27.7
108,서울,2010-07-17,22.1,24.2
108,서울,2010-07-18,23.1,29.1
108,서울,2010-07-19,25,30.1
108,서울,2010-07-20,24.1,32.3
108,서울,2010-07-21,26.3,29.7
108,서울,2010-07-22,25.9,29.6
108,서울,2010-07-23,23,25.9
108,서울,2010-07-24,23.6,29.3
108,서울,2010-07-25,23.5,30
108,서울,2010-07-26,23,28.6
108,서울,2010-07-27,24.4,30.8
108,서울,2010-07-28,23.7,31.2
108,서울,2010-07-29,24.7,30.6
108,서울,2010-07-30,25.1,30.8
108,서울,2010-07-31,24.9,30.1
108,서울,2010-08-01,26.1,31
108,서울,2010-08-02,25.4,31.8
108,서울,2010-08-03,24,32.1
108,서울,2010-08-04,25.8,31.9
108,서울,2010-08-05,26,33.8
108,서울,2010-08-06,26.3,31
108,서울,2010-08-07,24.3,28.2
108,서울,2010-08-08,24,31.6
108,서울,2010-08-09,24.1,33.3
108,서울,2010-08-10,24.9,29.8
108,서울,2010-08-11,25,32.7
108,서울,2010-08-12,21.7,26.7
108,서울,2010-08-13,21.5,29.6
108,서울,2010-08-14,25.3,29.1
108,서울,2010-08-15,24.6,30.2
108,서울,2010-08-16,22.8,26.7
108,서울,2010-08-17,21,31.8
108,서울,2010-08-18,22.2,31.2
108,서울,2010-08-19,24.7,32.9
108,서울,2010-08-20,25.5,32.2
108,서울,2010-08-21,25.1,32.1
108,서울,2010-08-22,25.4,32.5
108,서울,2010-08-23,23.7,29.1
108,서울,2010-08-24,21.9,25.9
108,서울,2010-08-25,19.9,22.5
108,서울,2010-08-26,21.1,26.7
108,서울,2010-08-27,23.8,31.8
108,서울,2010-08-28,24.7,27.2
108,서울,2010-08-29,21.7,26
108,서울,2010-08-30,23.1,29.9
108,서울,2010-08-31,22.2,27.2
108,서울,2010-09-01,22.8,31.4
108,서울,2010-09-02,22.2,26.2
108,서울,2010-09-03,22.8,30
108,서울,2010-09-04,23.3,31.2
108,서울,2010-09-05,23.1,30.7
108,서울,2010-09-06,22.6,30
108,서울,2010-09-07,22.8,30.8
108,서울,2010-09-08,21.6,24.3
108,서울,2010-09-09,19,22.5
108,서울,2010-09-10,22.4,25.8
108,서울,2010-09-11,22.4,26.1
108,서울,2010-09-12,21,26.1
108,서울,2010-09-13,20.9,27.9
108,서울,2010-09-14,21.1,28.6
108,서울,2010-09-15,19.2,30.5
108,서울,2010-09-16,19.2,30
108,서울,2010-09-17,20.1,28.9
108,서울,2010-09-18,21.8,30.3
108,서울,2010-09-19,18.3,23.8
108,서울,2010-09-20,18.2,26
108,서울,2010-09-21,17.9,24.9
108,서울,2010-09-22,14.4,18.8
108,서울,2010-09-23,12.1,22.8
108,서울,2010-09-24,11.9,23.2
108,서울,2010-09-25,13.6,24.1
108,서울,2010-09-26,15.2,24.2
108,서울,2010-09-27,14.9,23.9
108,서울,2010-09-28,12.4,18.6
108,서울,2010-09-29,9.8,16.8
108,서울,2010-09-30,8.4,20.7
108,서울,2010-10-01,10.8,21.4
108,서울,2010-10-02,13.7,18.6
108,서울,2010-10-03,14.4,21.4
108,서울,2010-10-04,12.4,16.7
108,서울,2010-10-05,11.2,19.7
108,서울,2010-10-06,11.2,22.1
108,서울,2010-10-07,11.9,23.8
108,서울,2010-10-08,15.1,23.2
108,서울,2010-10-09,15.4,24.2
108,서울,2010-10-10,14.3,22.8
108,서울,2010-10-11,15.6,21.2
108,서울,2010-10-12,13.8,19.2
108,서울,2010-10-13,12.9,19.6
108,서울,2010-10-14,12.6,20.4
108,서울,2010-10-15,9.3,16.9
108,서울,2010-10-16,10.2,21.6
108,서울,2010-10-17,12.1,19.9
108,서울,2010-10-18,9,19.3
108,서울,2010-10-19,11,21.7
108,서울,2010-10-20,12.7,19.5
108,서울,2010-10-21,10.2,21.9
108,서울,2010-10-22,12.8,22.4
108,서울,2010-10-23,11.7,20.2
108,서울,2010-10-24,13.6,23.4
108,서울,2010-10-25,4.4,15.1
108,서울,2010-10-26,.9,8.2
108,서울,2010-10-27,.7,10.1
108,서울,2010-10-28,2.1,12.3
108,서울,2010-10-29,3.4,16.7
108,서울,2010-10-30,6.4,17.8
108,서울,2010-10-31,7.1,17
108,서울,2010-11-01,6.8,16.7
108,서울,2010-11-02,2.5,9.2
108,서울,2010-11-03,.8,12.6
108,서울,2010-11-04,5.7,16
108,서울,2010-11-05,7,15.1
108,서울,2010-11-06,11.1,14.8
108,서울,2010-11-07,10.8,14.3
108,서울,2010-11-08,1.8,11.4
108,서울,2010-11-09,1.2,6.5
108,서울,2010-11-10,-.5,9.1
108,서울,2010-11-11,3.2,15.1
108,서울,2010-11-12,6.2,12.6
108,서울,2010-11-13,5.8,17.4
108,서울,2010-11-14,3,12.4
108,서울,2010-11-15,-1.6,5.1
108,서울,2010-11-16,-1.4,8.8
108,서울,2010-11-17,3,11.3
108,서울,2010-11-18,1.9,12
108,서울,2010-11-19,2.4,10.9
108,서울,2010-11-20,4.1,13.4
108,서울,2010-11-21,6.1,15.6
108,서울,2010-11-22,1.9,13.1
108,서울,2010-11-23,-.6,12.8
108,서울,2010-11-24,3.7,10.7
108,서울,2010-11-25,-1,6.1
108,서울,2010-11-26,-3,4.7
108,서울,2010-11-27,-2.7,9.1
108,서울,2010-11-28,-5.2,2
108,서울,2010-11-29,-.8,7.8
108,서울,2010-11-30,4.1,12.5
108,서울,2010-12-01,5.3,10.4
108,서울,2010-12-02,5.5,13.5
108,서울,2010-12-03,-2.7,7.8
108,서울,2010-12-04,-3.6,5
108,서울,2010-12-05,4.9,10.7
108,서울,2010-12-06,-3.2,10.2
108,서울,2010-12-07,-4.8,4.6
108,서울,2010-12-08,-2.1,2.2
108,서울,2010-12-09,-4.3,2.3
108,서울,2010-12-10,-2.8,10.1
108,서울,2010-12-11,-6.2,6.7
108,서울,2010-12-12,-6.6,3.7
108,서울,2010-12-13,1.7,6.1
108,서울,2010-12-14,-10.1,1.8
108,서울,2010-12-15,-12.7,-7.3
108,서울,2010-12-16,-12.9,-4.1
108,서울,2010-12-17,-5.5,2.6
108,서울,2010-12-18,-4.6,5
108,서울,2010-12-19,.7,8.3
108,서울,2010-12-20,1.6,8.8
108,서울,2010-12-21,.9,10.8
108,서울,2010-12-22,.3,8.3
108,서울,2010-12-23,-9.5,4.5
108,서울,2010-12-24,-15.1,-9
108,서울,2010-12-25,-14.3,-6.7
108,서울,2010-12-26,-13.6,-5.1
108,서울,2010-12-27,-9.4,-2.1
108,서울,2010-12-28,-6,-.1
108,서울,2010-12-29,-9.4,-2.1
108,서울,2010-12-30,-9,-3.6
108,서울,2010-12-31,-10.7,-6.2
108,서울,2011-01-01,-10.4,-2.9
108,서울,2011-01-02,-8.5,-1.2
108,서울,2011-01-03,-8.5,-.3
108,서울,2011-01-04,-7.4,-1.7
108,서울,2011-01-05,-7.7,-1.8
108,서울,2011-01-06,-9.8,-4.6
108,서울,2011-01-07,-10.6,-2.9
108,서울,2011-01-08,-8.2,.1
108,서울,2011-01-09,-10.3,-.3
108,서울,2011-01-10,-11.8,-4.6
108,서울,2011-01-11,-7.8,-2.7
108,서울,2011-01-12,-11.1,-4.9
108,서울,2011-01-13,-11.1,-.6
108,서울,2011-01-14,-6.9,.3
108,서울,2011-01-15,-15.7,-6.9
108,서울,2011-01-16,-17.8,-10.7
108,서울,2011-01-17,-14.1,-4.8
108,서울,2011-01-18,-10.8,-2.7
108,서울,2011-01-19,-10,-3.2
108,서울,2011-01-20,-10.5,-4.7
108,서울,2011-01-21,-9.7,-3.2
108,서울,2011-01-22,-7.1,-.8
108,서울,2011-01-23,-7.1,-2.1
108,서울,2011-01-24,-10.9,-5.8
108,서울,2011-01-25,-11.9,-4.4
108,서울,2011-01-26,-10.7,-5.2
108,서울,2011-01-27,-11.5,-5.7
108,서울,2011-01-28,-10.5,-4.3
108,서울,2011-01-29,-11.5,-5.5
108,서울,2011-01-30,-13.6,-5.7
108,서울,2011-01-31,-12.7,-1.8
108,서울,2011-02-01,-4.2,5
108,서울,2011-02-02,-2.8,7
108,서울,2011-02-03,-1.3,4.9
108,서울,2011-02-04,-.5,3.5
108,서울,2011-02-05,-.8,5.5
108,서울,2011-02-06,-2.1,2.7
108,서울,2011-02-07,-2.8,4.2
108,서울,2011-02-08,-.5,8.5
108,서울,2011-02-09,-4.1,2.1
108,서울,2011-02-10,-5.6,2.7
108,서울,2011-02-11,-6.2,1.8
108,서울,2011-02-12,-9.2,-1.8
108,서울,2011-02-13,-9,-.2
108,서울,2011-02-14,-6.7,-.2
108,서울,2011-02-15,-5.5,2.9
108,서울,2011-02-16,-5,4.3
108,서울,2011-02-17,-2,4.7
108,서울,2011-02-18,-3,7.3
108,서울,2011-02-19,-2.6,7
108,서울,2011-02-20,-2.1,12.8
108,서울,2011-02-21,1.4,12.3
108,서울,2011-02-22,.7,13
108,서울,2011-02-23,.6,12
108,서울,2011-02-24,2.8,10.5
108,서울,2011-02-25,-.8,6.3
108,서울,2011-02-26,-.4,13.2
108,서울,2011-02-27,1.8,7.4
108,서울,2011-02-28,1,4.8
108,서울,2011-03-01,-2.7,3.7
108,서울,2011-03-02,-4.2,1.6
108,서울,2011-03-03,-5.5,2.5
108,서울,2011-03-04,-4.5,6
108,서울,2011-03-05,-1.8,6.8
108,서울,2011-03-06,1.2,7.4
108,서울,2011-03-07,-1.2,5.8
108,서울,2011-03-08,-2.3,6.2
108,서울,2011-03-09,-2.4,4.4
108,서울,2011-03-10,-3.4,4.9
108,서울,2011-03-11,-.3,9.8
108,서울,2011-03-12,1.9,13.4
108,서울,2011-03-13,8.5,16.2
108,서울,2011-03-14,4.4,10.3
108,서울,2011-03-15,-2.3,5.7
108,서울,2011-03-16,-3.1,3.2
108,서울,2011-03-17,-3.5,6.1
108,서울,2011-03-18,-1.5,12.5
108,서울,2011-03-19,5.5,13.7
108,서울,2011-03-20,2.9,11.4
108,서울,2011-03-21,3.8,13
108,서울,2011-03-22,-1,6.1
108,서울,2011-03-23,-2.2,7.3
108,서울,2011-03-24,.1,8
108,서울,2011-03-25,-.8,6.5
108,서울,2011-03-26,-.6,8.6
108,서울,2011-03-27,.9,9.7
108,서울,2011-03-28,3.1,8.4
108,서울,2011-03-29,1.7,9.1
108,서울,2011-03-30,2.3,13.6
108,서울,2011-03-31,3.3,16.8
108,서울,2011-04-01,4.3,14.9
108,서울,2011-04-02,5.3,12.8
108,서울,2011-04-03,4.9,15.5
108,서울,2011-04-04,4.5,16.7
108,서울,2011-04-05,5.1,17.1
108,서울,2011-04-06,5.2,16.6
108,서울,2011-04-07,8.5,10.7
108,서울,2011-04-08,7.4,17.3
108,서울,2011-04-09,6.8,15
108,서울,2011-04-10,8.2,14.5
108,서울,2011-04-11,6,15.4
108,서울,2011-04-12,4.9,15.5
108,서울,2011-04-13,5.7,17.4
108,서울,2011-04-14,6.6,18.8
108,서울,2011-04-15,9.4,19
108,서울,2011-04-16,5.9,18.4
108,서울,2011-04-17,8,18.4
108,서울,2011-04-18,5.8,10.7
108,서울,2011-04-19,6.6,16.2
108,서울,2011-04-20,6.3,16.8
108,서울,2011-04-21,8,18
108,서울,2011-04-22,7.4,14.5
108,서울,2011-04-23,6.1,14.2
108,서울,2011-04-24,6.1,13.9
108,서울,2011-04-25,7.2,15.7
108,서울,2011-04-26,9.1,11.4
108,서울,2011-04-27,8.7,14.2
108,서울,2011-04-28,7.3,15.3
108,서울,2011-04-29,7.3,18.4
108,서울,2011-04-30,10.6,14.6
108,서울,2011-05-01,9.9,15.7
108,서울,2011-05-02,8.5,20.7
108,서울,2011-05-03,11.9,20.6
108,서울,2011-05-04,10.6,21.8
108,서울,2011-05-05,12.7,23.7
108,서울,2011-05-06,13.2,17.9
108,서울,2011-05-07,11.5,21.8
108,서울,2011-05-08,10.3,24.1
108,서울,2011-05-09,14.6,22
108,서울,2011-05-10,14.5,18.5
108,서울,2011-05-11,14.4,21.1
108,서울,2011-05-12,11.5,20.2
108,서울,2011-05-13,10.3,20.6
108,서울,2011-05-14,12.1,22.9
108,서울,2011-05-15,13,22.9
108,서울,2011-05-16,10.9,22.2
108,서울,2011-05-17,11.6,22.8
108,서울,2011-05-18,13.8,25.4
108,서울,2011-05-19,18.8,23.6
108,서울,2011-05-20,15.6,20.5
108,서울,2011-05-21,12.6,17.7
108,서울,2011-05-22,10.7,23.3
108,서울,2011-05-23,15.3,25.9
108,서울,2011-05-24,14.1,28
108,서울,2011-05-25,16.7,28.2
108,서울,2011-05-26,17.9,24
108,서울,2011-05-27,15.6,24.5
108,서울,2011-05-28,15.7,28.9
108,서울,2011-05-29,18.4,31.2
108,서울,2011-05-30,18.6,28.1
108,서울,2011-05-31,15.4,23.7
108,서울,2011-06-01,14.7,21.6
108,서울,2011-06-02,15.1,24.7
108,서울,2011-06-03,14.4,24.8
108,서울,2011-06-04,15.8,24.6
108,서울,2011-06-05,16.1,27.1
108,서울,2011-06-06,15.3,26.9
108,서울,2011-06-07,15.9,26.6
108,서울,2011-06-08,18.2,27.5
108,서울,2011-06-09,17.5,22
108,서울,2011-06-10,17.8,24.3
108,서울,2011-06-11,20.6,29.2
108,서울,2011-06-12,19,30.2
108,서울,2011-06-13,16.6,26.9
108,서울,2011-06-14,16.8,29.5
108,서울,2011-06-15,19.1,31.9
108,서울,2011-06-16,20.3,32
108,서울,2011-06-17,22.1,31.3
108,서울,2011-06-18,20.8,28.9
108,서울,2011-06-19,20.7,32.9
108,서울,2011-06-20,22.7,32
108,서울,2011-06-21,19.4,29.6
108,서울,2011-06-22,20.9,24.9
108,서울,2011-06-23,21.2,23.3
108,서울,2011-06-24,18.6,21.6
108,서울,2011-06-25,17.5,20
108,서울,2011-06-26,17.2,21.6
108,서울,2011-06-27,18.3,20.5
108,서울,2011-06-28,18.2,29.7
108,서울,2011-06-29,19.7,23.3
108,서울,2011-06-30,21,27.9
108,서울,2011-07-01,22.2,28.6
108,서울,2011-07-02,22.7,26.8
108,서울,2011-07-03,20.7,24.8
108,서울,2011-07-04,18.9,28
108,서울,2011-07-05,19,30.7
108,서울,2011-07-06,20.4,31.2
108,서울,2011-07-07,20.9,25.3
108,서울,2011-07-08,20.6,24.6
108,서울,2011-07-09,20.8,27.8
108,서울,2011-07-10,21.4,28.4
108,서울,2011-07-11,19.9,22.1
108,서울,2011-07-12,20.9,25.6
108,서울,2011-07-13,22.5,26.2
108,서울,2011-07-14,22.3,24.6
108,서울,2011-07-15,21.6,26
108,서울,2011-07-16,21.2,25.3
108,서울,2011-07-17,22.2,29.1
108,서울,2011-07-18,24.4,34.1
108,서울,2011-07-19,24.7,32.7
108,서울,2011-07-20,23.6,32.6
108,서울,2011-07-21,22.3,32.2
108,서울,2011-07-22,21.4,26.6
108,서울,2011-07-23,22.9,29.7
108,서울,2011-07-24,22.8,27.9
108,서울,2011-07-25,23.2,27.9
108,서울,2011-07-26,21.1,29.3
108,서울,2011-07-27,22.3,26.2
108,서울,2011-07-28,22.8,26.3
108,서울,2011-07-29,23.9,30.2
108,서울,2011-07-30,24.4,30.5
108,서울,2011-07-31,23.2,26.6
108,서울,2011-08-01,23.3,29.2
108,서울,2011-08-02,24.4,30.1
108,서울,2011-08-03,23.7,28.1
108,서울,2011-08-04,23.7,28
108,서울,2011-08-05,23.4,34.1
108,서울,2011-08-06,26.1,32.7
108,서울,2011-08-07,24.9,33
108,서울,2011-08-08,23.6,27.7
108,서울,2011-08-09,24.4,28.7
108,서울,2011-08-10,23.2,28.9
108,서울,2011-08-11,24.5,29.9
108,서울,2011-08-12,24.1,26.3
108,서울,2011-08-13,23.9,26.6
108,서울,2011-08-14,23.9,26.8
108,서울,2011-08-15,22.9,26.9
108,서울,2011-08-16,23.6,26.2
108,서울,2011-08-17,22.8,24.6
108,서울,2011-08-18,21.5,30.2
108,서울,2011-08-19,21.7,29.2
108,서울,2011-08-20,20.3,27
108,서울,2011-08-21,18.7,31
108,서울,2011-08-22,19.8,29.6
108,서울,2011-08-23,18.1,30.5
108,서울,2011-08-24,21.2,28.6
108,서울,2011-08-25,21,30.5
108,서울,2011-08-26,23.2,30.3
108,서울,2011-08-27,23.5,31.2
108,서울,2011-08-28,24.3,32
108,서울,2011-08-29,24.5,29.9
108,서울,2011-08-30,24.2,32.4
108,서울,2011-08-31,23.6,32.8
108,서울,2011-09-01,22.9,31.1
108,서울,2011-09-02,22.9,32.4
108,서울,2011-09-03,20.3,30.7
108,서울,2011-09-04,19.4,30.2
108,서울,2011-09-05,19.5,28.5
108,서울,2011-09-06,18.8,28.7
108,서울,2011-09-07,17.5,27.3
108,서울,2011-09-08,20.4,25.8
108,서울,2011-09-09,19,20.7
108,서울,2011-09-10,18,26.4
108,서울,2011-09-11,19.5,22.5
108,서울,2011-09-12,20,27
108,서울,2011-09-13,20.9,30.9
108,서울,2011-09-14,22.8,28.1
108,서울,2011-09-15,21.2,31.3
108,서울,2011-09-16,21.7,31.2
108,서울,2011-09-17,21.6,31
108,서울,2011-09-18,17.5,26.4
108,서울,2011-09-19,14.5,18.2
108,서울,2011-09-20,13.4,23.2
108,서울,2011-09-21,12.4,24
108,서울,2011-09-22,11.9,24.6
108,서울,2011-09-23,13.5,26
108,서울,2011-09-24,14.4,25.9
108,서울,2011-09-25,14.6,26.6
108,서울,2011-09-26,14.8,27.7
108,서울,2011-09-27,15.4,29.2
108,서울,2011-09-28,16.6,23.5
108,서울,2011-09-29,15.5,19.5
108,서울,2011-09-30,10.3,18.6
108,서울,2011-10-01,7.7,17.6
108,서울,2011-10-02,9.6,18.1
108,서울,2011-10-03,7.3,20.8
108,서울,2011-10-04,8.4,21.2
108,서울,2011-10-05,12.7,22
108,서울,2011-10-06,12.7,20.2
108,서울,2011-10-07,10.5,21.2
108,서울,2011-10-08,10.4,22.5
108,서울,2011-10-09,11.9,22.5
108,서울,2011-10-10,12.4,21.8
108,서울,2011-10-11,12.4,22.4
108,서울,2011-10-12,10.7,18.7
108,서울,2011-10-13,10.7,23.4
108,서울,2011-10-14,12.7,15.7
108,서울,2011-10-15,11.4,16.9
108,서울,2011-10-16,11.1,20.1
108,서울,2011-10-17,7,14.8
108,서울,2011-10-18,3.9,15.4
108,서울,2011-10-19,4.6,20.4
108,서울,2011-10-20,11,20.9
108,서울,2011-10-21,13.1,21
108,서울,2011-10-22,14.4,21.7
108,서울,2011-10-23,11.8,22.1
108,서울,2011-10-24,7.1,15.3
108,서울,2011-10-25,3.7,12.1
108,서울,2011-10-26,3.1,15.3
108,서울,2011-10-27,6.6,19.5
108,서울,2011-10-28,11,19.8
108,서울,2011-10-29,10.2,13.5
108,서울,2011-10-30,10.7,20.8
108,서울,2011-10-31,8.5,22.1
108,서울,2011-11-01,9.9,22.6
108,서울,2011-11-02,13.4,21.5
108,서울,2011-11-03,10,24.3
108,서울,2011-11-04,15.4,22.5
108,서울,2011-11-05,16.4,25.9
108,서울,2011-11-06,12.9,19.3
108,서울,2011-11-07,12.5,18.8
108,서울,2011-11-08,11.1,19.6
108,서울,2011-11-09,12.5,18.4
108,서울,2011-11-10,10.9,17
108,서울,2011-11-11,11,14.7
108,서울,2011-11-12,9.1,15.8
108,서울,2011-11-13,6,15.8
108,서울,2011-11-14,3.4,11
108,서울,2011-11-15,3.4,11.6
108,서울,2011-11-16,5.8,15.7
108,서울,2011-11-17,10.5,16.3
108,서울,2011-11-18,11.9,16.1
108,서울,2011-11-19,3.5,15.5
108,서울,2011-11-20,-2.2,3.7
108,서울,2011-11-21,-2.6,6.3
108,서울,2011-11-22,1.9,7.9
108,서울,2011-11-23,-2.1,7.4
108,서울,2011-11-24,-5.5,2
108,서울,2011-11-25,-.5,7.2
108,서울,2011-11-26,1.8,8.8
108,서울,2011-11-27,8.7,15.3
108,서울,2011-11-28,13.6,17
108,서울,2011-11-29,9.2,13.6
108,서울,2011-11-30,3,9.2
108,서울,2011-12-01,4.3,9
108,서울,2011-12-02,2.5,7.5
108,서울,2011-12-03,3.7,9.1
108,서울,2011-12-04,-.3,6.3
108,서울,2011-12-05,-2.1,5.9
108,서울,2011-12-06,1.2,7.7
108,서울,2011-12-07,2.3,5.7
108,서울,2011-12-08,-3.7,3.7
108,서울,2011-12-09,-4.4,.1
108,서울,2011-12-10,-4.9,1.4
108,서울,2011-12-11,-1.7,6.3
108,서울,2011-12-12,-.1,6.4
108,서울,2011-12-13,-3.1,7.4
108,서울,2011-12-14,-1.1,7.2
108,서울,2011-12-15,-5.8,-.9
108,서울,2011-12-16,-9.8,-3.5
108,서울,2011-12-17,-10.6,-1.6
108,서울,2011-12-18,-5,1.4
108,서울,2011-12-19,-6.7,1.9
108,서울,2011-12-20,-5.1,3.8
108,서울,2011-12-21,-.7,5.2
108,서울,2011-12-22,-8.7,1.1
108,서울,2011-12-23,-10.1,-1.1
108,서울,2011-12-24,-7.8,-3
108,서울,2011-12-25,-9.5,-3.5
108,서울,2011-12-26,-10.1,-3.5
108,서울,2011-12-27,-8.8,1.2
108,서울,2011-12-28,-4.1,2.2
108,서울,2011-12-29,-4.8,1.7
108,서울,2011-12-30,-6.4,1.9
108,서울,2011-12-31,-6,1.4
